step,loss
0,8.75466251373291
1,8.131875991821289
2,7.221280097961426
3,6.671017646789551
4,6.230165481567383
5,5.692654609680176
6,5.440023422241211
7,5.176242828369141
8,4.693325996398926
9,4.307309150695801
10,4.18356990814209
11,3.9640307426452637
12,3.900786876678467
13,3.686577320098877
14,3.607728958129883
15,3.4384422302246094
16,3.2959766387939453
17,3.2348313331604004
18,3.023109197616577
19,3.005850315093994
20,3.000544309616089
21,2.987560749053955
22,2.833390235900879
23,2.8509483337402344
24,2.7104406356811523
25,2.819610595703125
26,2.7545993328094482
27,2.5172348022460938
28,2.6174557209014893
29,2.306180477142334
30,2.433903217315674
31,2.402886390686035
32,2.331164836883545
33,2.288501501083374
34,2.1597483158111572
35,2.2154664993286133
36,2.0133509635925293
37,2.016970634460449
38,1.8548321723937988
39,1.9098155498504639
40,1.7887747287750244
41,1.7943016290664673
42,1.8015596866607666
43,1.7666192054748535
44,1.6306159496307373
45,1.6312212944030762
46,1.6122403144836426
47,1.5537104606628418
48,1.504683494567871
49,1.5057713985443115
50,1.4099887609481812
51,1.3839600086212158
52,1.3785876035690308
53,1.3757681846618652
54,1.2509336471557617
55,1.2222670316696167
56,1.2056844234466553
57,1.3659729957580566
58,1.2431789636611938
59,1.158437967300415
60,1.123089075088501
61,1.1779690980911255
62,1.1049000024795532
63,1.1616296768188477
64,1.1082963943481445
65,1.0517191886901855
66,1.09343683719635
67,1.0347867012023926
68,0.9757948517799377
69,1.0518293380737305
70,0.9604289531707764
71,0.9170330762863159
72,0.922834038734436
73,0.8964316844940186
74,0.8582150936126709
75,0.89412921667099
76,0.819722592830658
77,0.8229107856750488
78,0.806662917137146
79,0.8159329891204834
80,0.8307188153266907
81,0.76393723487854
82,0.7506581544876099
83,0.7751549482345581
84,0.7378589510917664
85,0.7647265195846558
86,0.6910128593444824
87,0.702125608921051
88,0.6881366968154907
89,0.6814035177230835
90,0.6625286936759949
91,0.6417240500450134
92,0.611302375793457
93,0.6238996982574463
94,0.6342347860336304
95,0.6080546975135803
96,0.5785210728645325
97,0.5361705422401428
98,0.5419232249259949
99,0.5510025024414062
100,0.5388205051422119
101,0.519130289554596
102,0.5447779893875122
103,0.5164355039596558
104,0.4956178069114685
105,0.4948618710041046
106,0.47608157992362976
107,0.4728517234325409
108,0.45445483922958374
109,0.4697859287261963
110,0.4510735869407654
111,0.4397878646850586
112,0.4546821117401123
113,0.4165601134300232
114,0.41923004388809204
115,0.3956502676010132
116,0.3973420262336731
117,0.38098835945129395
118,0.3885207772254944
119,0.3897012770175934
120,0.3666510581970215
121,0.3838527798652649
122,0.3628888428211212
123,0.3701726794242859
124,0.3627646565437317
125,0.3712014853954315
126,0.34319770336151123
127,0.3381787836551666
128,0.3381097912788391
129,0.33247652649879456
130,0.3180408775806427
131,0.3152180016040802
132,0.31975477933883667
133,0.2958279252052307
134,0.3126629590988159
135,0.29024070501327515
136,0.2987203598022461
137,0.297853946685791
138,0.2957121431827545
139,0.2799586057662964
140,0.28612571954727173
141,0.27155280113220215
142,0.2740505039691925
143,0.2646180987358093
144,0.2538294196128845
145,0.2697417438030243
146,0.2516525983810425
147,0.2622363567352295
148,0.24513620138168335
149,0.24921390414237976
150,0.2426481544971466
151,0.23972614109516144
152,0.2371508628129959
153,0.227055624127388
154,0.22440201044082642
155,0.2252107560634613
156,0.21278898417949677
157,0.21449069678783417
158,0.2193259447813034
159,0.2181045413017273
160,0.20326878130435944
161,0.20385396480560303
162,0.2006622850894928
163,0.20667648315429688
164,0.20020484924316406
165,0.1926364302635193
166,0.19268646836280823
167,0.18636396527290344
168,0.18960335850715637
169,0.17890934646129608
170,0.17766600847244263
171,0.17839635908603668
172,0.17505258321762085
173,0.17648978531360626
174,0.16911517083644867
175,0.16490113735198975
176,0.1651134490966797
177,0.16756963729858398
178,0.16522563993930817
179,0.1573275476694107
180,0.15826155245304108
181,0.15261085331439972
182,0.14840716123580933
183,0.15062852203845978
184,0.14504902064800262
185,0.1400378942489624
186,0.14051219820976257
187,0.13965316116809845
188,0.14235229790210724
189,0.1334288865327835
190,0.13498428463935852
191,0.12740018963813782
192,0.13202708959579468
193,0.12915807962417603
194,0.1294180154800415
195,0.12598372995853424
196,0.12354128062725067
197,0.12063270807266235
198,0.11770191043615341
199,0.11637485027313232
200,0.11511082947254181
201,0.11369086056947708
202,0.11223634332418442
203,0.11304517090320587
204,0.10698659718036652
205,0.10680348426103592
206,0.10493144392967224
207,0.10179011523723602
208,0.10184105485677719
209,0.10031216591596603
210,0.09923896938562393
211,0.09762667119503021
212,0.09558724611997604
213,0.09290479868650436
214,0.09083344042301178
215,0.09255721420049667
216,0.088523268699646
217,0.08722160756587982
218,0.0864199697971344
219,0.08518080413341522
220,0.08621621131896973
221,0.08272434026002884
222,0.08495422452688217
223,0.08302658051252365
224,0.07782234996557236
225,0.07993806898593903
226,0.07823973894119263
227,0.07521416991949081
228,0.07583843171596527
229,0.07412988692522049
230,0.0744231790304184
231,0.07039383053779602
232,0.07259078323841095
233,0.06849624216556549
234,0.06878334283828735
235,0.06735432893037796
236,0.06809866428375244
237,0.0654611885547638
238,0.06469187885522842
239,0.06423616409301758
240,0.06274500489234924
241,0.06301379948854446
242,0.06212662160396576
243,0.06043560057878494
244,0.05893399193882942
245,0.06004539132118225
246,0.0583188533782959
247,0.05811367928981781
248,0.057351671159267426
249,0.055510617792606354
250,0.05526755377650261
251,0.05411868542432785
252,0.054303646087646484
253,0.05392642691731453
254,0.053364939987659454
255,0.051288411021232605
256,0.049905478954315186
257,0.04965396225452423
258,0.05014924332499504
259,0.04869571328163147
260,0.0479198694229126
261,0.04774584248661995
262,0.046467915177345276
263,0.04606729745864868
264,0.045107316225767136
265,0.04437471926212311
266,0.044386476278305054
267,0.043226633220911026
268,0.043375514447689056
269,0.043180666863918304
270,0.042440272867679596
271,0.041914764791727066
272,0.04065592586994171
273,0.040478285402059555
274,0.04016845300793648
275,0.040581729263067245
276,0.03990211710333824
277,0.03942914679646492
278,0.038827620446681976
279,0.03765231370925903
280,0.03767857700586319
281,0.03757091984152794
282,0.03575960919260979
283,0.03646410256624222
284,0.035978108644485474
285,0.0359598770737648
286,0.03532484918832779
287,0.03437691181898117
288,0.0345248281955719
289,0.03352430835366249
290,0.03336925432085991
291,0.032488420605659485
292,0.0332430936396122
293,0.03260689228773117
294,0.031953293830156326
295,0.03197307139635086
296,0.03113444522023201
297,0.030684953555464745
298,0.030971430242061615
299,0.030257126316428185
300,0.02982020005583763
301,0.02944401279091835
302,0.029305724427103996
303,0.02924519032239914
304,0.029169635847210884
305,0.028431132435798645
306,0.028184425085783005
307,0.027456732466816902
308,0.02746809460222721
309,0.026952696964144707
310,0.026742657646536827
311,0.026673534885048866
312,0.02657359652221203
313,0.026627304032444954
314,0.025920024141669273
315,0.025863954797387123
316,0.025344207882881165
317,0.025313343852758408
318,0.02479478344321251
319,0.024389635771512985
320,0.024129794910550117
321,0.02399875596165657
322,0.023685377091169357
323,0.023681582883000374
324,0.023764364421367645
325,0.023510193452239037
326,0.022737786173820496
327,0.02298164740204811
328,0.022565998136997223
329,0.02277841791510582
330,0.02210674062371254
331,0.022106368094682693
332,0.022044559940695763
333,0.021748363971710205
334,0.021053830161690712
335,0.020826682448387146
336,0.020830605179071426
337,0.020878538489341736
338,0.020744597539305687
339,0.02040686272084713
340,0.02025296725332737
341,0.02007216587662697
342,0.019934754818677902
343,0.019459621980786324
344,0.01959979720413685
345,0.019399413838982582
346,0.019113056361675262
347,0.01919812522828579
348,0.018836762756109238
349,0.018638702109456062
350,0.018582873046398163
351,0.018411263823509216
352,0.018359117209911346
353,0.018118739128112793
354,0.01786513812839985
355,0.01759500429034233
356,0.017566002905368805
357,0.017393698915839195
358,0.017418891191482544
359,0.017222775146365166
360,0.017198367044329643
361,0.01671249233186245
362,0.016676360741257668
363,0.016644515097141266
364,0.016742143779993057
365,0.01654312014579773
366,0.016488783061504364
367,0.016039356589317322
368,0.016026362776756287
369,0.015750702470541
370,0.0157329048961401
371,0.015783008188009262
372,0.01549646444618702
373,0.01544124260544777
374,0.015298201702535152
375,0.01511833444237709
376,0.015056194737553596
377,0.015078302472829819
378,0.014943394809961319
379,0.014686026610434055
380,0.014470253139734268
381,0.014320903457701206
382,0.014245651662349701
383,0.014259696006774902
384,0.014157294295728207
385,0.013780507259070873
386,0.013990792445838451
387,0.013799561187624931
388,0.013713791966438293
389,0.013641871511936188
390,0.01363584864884615
391,0.013399622403085232
392,0.013147536665201187
393,0.013249512761831284
394,0.013268813490867615
395,0.012930315919220448
396,0.013204017654061317
397,0.012886833399534225
398,0.012776849791407585
399,0.012823455967009068
400,0.012613068334758282
401,0.01258799433708191
402,0.012382199987769127
403,0.012356913648545742
404,0.012309846468269825
405,0.012251312844455242
406,0.012168566696345806
407,0.01208044495433569
408,0.012105719186365604
409,0.01207397598773241
410,0.011806679889559746
411,0.011732573620975018
412,0.011709029786288738
413,0.01135669182986021
414,0.011673219501972198
415,0.011462216265499592
416,0.011581636033952236
417,0.011482545174658298
418,0.011256642639636993
419,0.011167265474796295
420,0.01117008551955223
421,0.011034311726689339
422,0.011103535071015358
423,0.010934355668723583
424,0.010835032910108566
425,0.010742194950580597
426,0.010538950562477112
427,0.010584205389022827
428,0.010704939253628254
429,0.01063501089811325
430,0.01048874482512474
431,0.01050357986241579
432,0.010464373975992203
433,0.01025133766233921
434,0.010369802825152874
435,0.010280238464474678
436,0.010088461451232433
437,0.010050891898572445
438,0.0101105235517025
439,0.010075285099446774
440,0.009952803142368793
441,0.0099874846637249
442,0.009970624931156635
443,0.009796868078410625
444,0.009680883958935738
445,0.009703001007437706
446,0.009774135425686836
447,0.00965272355824709
448,0.009572336450219154
449,0.009619819931685925
450,0.009612470865249634
451,0.009458881802856922
452,0.009433364495635033
453,0.00938507728278637
454,0.009329129941761494
455,0.009218893013894558
456,0.009251099079847336
457,0.009125533513724804
458,0.009184847585856915
459,0.009052427485585213
460,0.009159563109278679
461,0.009035088121891022
462,0.009022206999361515
463,0.009022212587296963
464,0.008907939307391644
465,0.0089043527841568
466,0.008873844519257545
467,0.008802954107522964
468,0.008780268020927906
469,0.008790873922407627
470,0.008692468516528606
471,0.008642546832561493
472,0.008622705936431885
473,0.008580559864640236
474,0.008580063469707966
475,0.008465620689094067
476,0.008455399423837662
477,0.008393926545977592
478,0.00842049065977335
479,0.008454816415905952
480,0.008296133950352669
481,0.008288281038403511
482,0.008291568607091904
483,0.008288085460662842
484,0.008219900541007519
485,0.00811854749917984
486,0.008122798055410385
487,0.008165201172232628
488,0.00813507754355669
489,0.00810116995126009
490,0.008020197972655296
491,0.007982466369867325
492,0.0080259395763278
493,0.00799380149692297
494,0.007922516204416752
495,0.007847366854548454
496,0.007956319488584995
497,0.007844611071050167
498,0.007732331287115812
499,0.007788314484059811
500,0.011232255026698112
501,0.010122216306626797
502,0.009418140165507793
503,0.009363994002342224
504,0.008956899866461754
505,0.008119365200400352
506,0.008116382174193859
507,0.008059704676270485
508,0.007748311385512352
509,0.007218820508569479
510,0.00719859916716814
511,0.0069491988979279995
512,0.00684399763122201
513,0.006667967885732651
514,0.006448700092732906
515,0.006255762651562691
516,0.006075328215956688
517,0.005872939247637987
518,0.0058959126472473145
519,0.005680662579834461
520,0.005505132023245096
521,0.005409367848187685
522,0.005237860605120659
523,0.005117837805300951
524,0.005156607832759619
525,0.004876843653619289
526,0.004779179580509663
527,0.004856741987168789
528,0.0045663476921617985
529,0.0045281704515218735
530,0.004434003494679928
531,0.004327375441789627
532,0.00420384993776679
533,0.004159498959779739
534,0.004083167761564255
535,0.003931584767997265
536,0.003834598232060671
537,0.0037453218828886747
538,0.0037210993468761444
539,0.0036132156383246183
540,0.0035117012448608875
541,0.00344391749240458
542,0.00335817807354033
543,0.003336646594107151
544,0.0031957270111888647
545,0.0031214794144034386
546,0.0031312694773077965
547,0.00311485817655921
548,0.0030075814574956894
549,0.0029435078613460064
550,0.002854845719411969
551,0.002828212222084403
552,0.0027833327185362577
553,0.00269321515224874
554,0.0026677085552364588
555,0.002652737544849515
556,0.0025310434866696596
557,0.0025097872130572796
558,0.0024325004778802395
559,0.002437073737382889
560,0.002377827651798725
561,0.0022928761318325996
562,0.0022960426285862923
563,0.002283449051901698
564,0.0021633461583405733
565,0.002194610657170415
566,0.0021156519651412964
567,0.0020816081669181585
568,0.002057402627542615
569,0.002051396993920207
570,0.002001591259613633
571,0.0019362559542059898
572,0.0019240654073655605
573,0.0018914089305326343
574,0.0018789665773510933
575,0.0018433815566822886
576,0.0017513863276690245
577,0.0017781140049919486
578,0.0017161600990220904
579,0.0017149142222478986
580,0.0016695591621100903
581,0.0016189748421311378
582,0.0016437496524304152
583,0.0016434704884886742
584,0.0015903982566669583
585,0.0015115698333829641
586,0.001547643798403442
587,0.0015042818849906325
588,0.0014877039939165115
589,0.0014528044266626239
590,0.001424756832420826
591,0.0014076924417167902
592,0.0013666078448295593
593,0.0013632640475407243
594,0.0013097061309963465
595,0.0012841320130974054
596,0.0012745755957439542
597,0.0012662886874750257
598,0.00123118725605309
599,0.0012218087213113904
600,0.0012410477502271533
601,0.0011831250740215182
602,0.0011439574882388115
603,0.001160365529358387
604,0.0011141786817461252
605,0.0011239368468523026
606,0.0010851251427084208
607,0.0010527571430429816
608,0.0010708506451919675
609,0.001032658969052136
610,0.0010130817536264658
611,0.001006000442430377
612,0.0009814713848754764
613,0.0009574823779985309
614,0.0009436475811526179
615,0.0009290138841606677
616,0.0009270400041714311
617,0.0009022409794852138
618,0.0009013485978357494
619,0.0008792329463176429
620,0.0008738501346670091
621,0.0008458493975922465
622,0.0008507170714437962
623,0.0008311051642522216
624,0.0008108234615065157
625,0.0008148314664140344
626,0.000783789437264204
627,0.0007672346546314657
628,0.0007636855589225888
629,0.0007545240223407745
630,0.0007516798796132207
631,0.0007416544831357896
632,0.0007195537909865379
633,0.0007132677710615098
634,0.0007127163698896766
635,0.0006935895071364939
636,0.0006903227767907083
637,0.000673424219712615
638,0.0006709077279083431
639,0.0006599734770134091
640,0.0006558264140039682
641,0.0006379673723131418
642,0.0006391234928742051
643,0.0006227752310223877
644,0.0006228296551853418
645,0.0006150200497359037
646,0.0006083798361942172
647,0.0005898192757740617
648,0.0005784185486845672
649,0.0005863610422238708
650,0.0005789868300780654
651,0.0005622283206321299
652,0.0005641688476316631
653,0.0005575026734732091
654,0.0005675597349181771
655,0.0005485673318617046
656,0.0005356774781830609
657,0.0005320154596120119
658,0.0005355162429623306
659,0.0005238009616732597
660,0.0005150194047018886
661,0.0005096405511721969
662,0.0005050274776294827
663,0.0005045485449954867
664,0.0005000639939680696
665,0.0004926658002659678
666,0.0004868030082434416
667,0.0004835723666474223
668,0.00047873338917270303
669,0.0004797276051249355
670,0.00045954808592796326
671,0.0004650452465284616
672,0.0004540946101769805
673,0.0004592083569150418
674,0.000452458334621042
675,0.0004393255221657455
676,0.00044474523747339845
677,0.00042677062447182834
678,0.0004281289875507355
679,0.00042812322499230504
680,0.0004265837778802961
681,0.00041133587365038693
682,0.000413594301789999
683,0.00040412310045212507
684,0.0004095260228496045
685,0.00039890018524602056
686,0.0003986945084761828
687,0.0003934567212127149
688,0.0003894836117979139
689,0.00038671857328154147
690,0.0003842253936454654
691,0.00037998147308826447
692,0.00038277998100966215
693,0.000374307157471776
694,0.00038619351107627153
695,0.00038226231117732823
696,0.0003746032598428428
697,0.0003777249366976321
698,0.0003707073337864131
699,0.00037360875285230577
700,0.00036721114884130657
701,0.0003642850206233561
702,0.00036245695082470775
703,0.00035630736965686083
704,0.00035209377529099584
705,0.0003492501564323902
706,0.00034504750510677695
707,0.00034343168954364955
708,0.00033963474561460316
709,0.00033651816193014383
710,0.0003327741287648678
711,0.00033235951559618115
712,0.00032776783336885273
713,0.00032873605960048735
714,0.0003260402590967715
715,0.0003165914095006883
716,0.00031914934515953064
717,0.0003128284588456154
718,0.00030820490792393684
719,0.0003096792788710445
720,0.0003132967103738338
721,0.00030624924693256617
722,0.00030779483495280147
723,0.00030616618460044265
724,0.0003018450806848705
725,0.0002948332403320819
726,0.0002971324429381639
727,0.0002921700070146471
728,0.0002926777524407953
729,0.0002897085505537689
730,0.000291305361315608
731,0.0002875370846595615
732,0.00028742654831148684
733,0.0002789953723549843
734,0.00028336065588518977
735,0.00027858311659656465
736,0.00027551015955395997
737,0.00027633990976028144
738,0.0002742277574725449
739,0.00027166036306880414
740,0.0002664244966581464
741,0.0002707675448618829
742,0.0002675488358363509
743,0.0002656671276781708
744,0.00026069971499964595
745,0.0002562623121775687
746,0.0002598689461592585
747,0.00025543643278069794
748,0.0002546913456171751
749,0.00025331354117952287
750,0.0002506728924345225
751,0.0002530844940338284
752,0.00025517429457977414
753,0.0002454396162647754
754,0.00024609253159724176
755,0.00024550018133595586
756,0.00024386195582337677
757,0.00024360447423532605
758,0.00023976429656613618
759,0.00023624759342055768
760,0.00024025904713198543
761,0.0002381352533120662
762,0.00023951250477693975
763,0.00023259482986759394
764,0.00023677518765907735
765,0.00023456360213458538
766,0.00023606413742527366
767,0.0002300438063684851
768,0.00022909055405762047
769,0.00023019393847789615
770,0.000226486474275589
771,0.00022657931549474597
772,0.00022624037228524685
773,0.00022977917979005724
774,0.0002226867072749883
775,0.0002221301110694185
776,0.00022130018624011427
777,0.0002201449533458799
778,0.00022742031433153898
779,0.00021695918985642493
780,0.00022426545911002904
781,0.00021383643615990877
782,0.0002114989620167762
783,0.00021103538165334612
784,0.00021026744798291475
785,0.00020645787299145013
786,0.000208783196285367
787,0.00021413917420431972
788,0.00020616962865460664
789,0.00020746368682011962
790,0.00020140587002970278
791,0.0001999510423047468
792,0.00019847258226945996
793,0.00020478865189943463
794,0.000201371920411475
795,0.00019925269589293748
796,0.0001994025515159592
797,0.00019636937940958887
798,0.00019690915360115469
799,0.00019427909865044057
800,0.00019438687013462186
801,0.00019403068290557712
802,0.00019204556883778423
803,0.00018911303777713329
804,0.00019177599460817873
805,0.00019260167027823627
806,0.0001860654156189412
807,0.00019108250853605568
808,0.00018748357251752168
809,0.00018948479555547237
810,0.00018446805188432336
811,0.00018633011495694518
812,0.00018217343313153833
813,0.000184686912689358
814,0.00018615249427966774
815,0.00018189677211921662
816,0.00018140661995857954
817,0.0001817700976971537
818,0.00018077371350955218
819,0.00017814175225794315
820,0.00018013358931057155
821,0.00017521955305710435
822,0.00018100914894603193
823,0.00018008203187491745
824,0.00017535436199977994
825,0.00017629939247854054
826,0.00017566559836268425
827,0.00017462531104683876
828,0.0001727735943859443
829,0.00017136258247774094
830,0.0001709455973468721
831,0.00017301559273619205
832,0.0001694004749879241
833,0.00017108408792410046
834,0.00016886442608665675
835,0.00016654690261930227
836,0.00016637748922221363
837,0.0001644438598304987
838,0.00016496381431352347
839,0.0001645301526878029
840,0.00016436391160823405
841,0.0001635468943277374
842,0.00016353865794371814
843,0.00016310156206600368
844,0.00016523906379006803
845,0.0001628130703466013
846,0.0001593833731021732
847,0.000160580180818215
848,0.0001593128254171461
849,0.00015864596934989095
850,0.00015712757885921746
851,0.00015985261416062713
852,0.0001579960371600464
853,0.00015921355225145817
854,0.00015584426000714302
855,0.00015523233741987497
856,0.0001584803976584226
857,0.00015579178580082953
858,0.00015503335453104228
859,0.00015394005458801985
860,0.00015430075291078538
861,0.0001539969234727323
862,0.0001526490377727896
863,0.00015127091319300234
864,0.0001530149020254612
865,0.00014928512973710895
866,0.0001536858908366412
867,0.00014641588495578617
868,0.00015334933414123952
869,0.00015022419393062592
870,0.00015331091708503664
871,0.00014698796439915895
872,0.00014553380606230348
873,0.00014535844093188643
874,0.00014650648517999798
875,0.00014822180673945695
876,0.00014825489779468626
877,0.00014356528117787093
878,0.00015012972289696336
879,0.00014088362513575703
880,0.00014457933139055967
881,0.00014451300376094878
882,0.00014475036005023867
883,0.00014222951722331345
884,0.00014112296048551798
885,0.00014257243310566992
886,0.00014353898586705327
887,0.00014133722288534045
888,0.00014596915571019053
889,0.00013657077215611935
890,0.00014804698002990335
891,0.00013731328363064677
892,0.00014301719784270972
893,0.0001363167684758082
894,0.00013912828580942005
895,0.0001362598704872653
896,0.00013792101526632905
897,0.00013564183609560132
898,0.00013979384675621986
899,0.00013421382755041122
900,0.00013605687126982957
901,0.00013500078057404608
902,0.00013558233331423253
903,0.00013269759074319154
904,0.00013583236432168633
905,0.00013353285612538457
906,0.00013273816148284823
907,0.00012938179133925587
908,0.0001323139586020261
909,0.00012836702808272094
910,0.00013068677799310535
911,0.00012939664884470403
912,0.00013026244414504617
913,0.0001265649771085009
914,0.00012500763114076108
915,0.00012678909115493298
916,0.0001282705197809264
917,0.00012742244871333241
918,0.0001257755939150229
919,0.00012876687105745077
920,0.0001276585680898279
921,0.00012609919940587133
922,0.0001284256431972608
923,0.0001260433637071401
924,0.00012564127973746508
925,0.00012284147669561207
926,0.00012302788672968745
927,0.0001215548618347384
928,0.0001225908927153796
929,0.00012209810665808618
930,0.00012207725376356393
931,0.00012122159387217835
932,0.00012504364713095129
933,0.0001237037795362994
934,0.00012063010944984853
935,0.00011967246246058494
936,0.00012090370000805706
937,0.00012063637404935434
938,0.00012178005272289738
939,0.00012017237168038264
940,0.00012117835285607725
941,0.00011796903709182516
942,0.0001202631028718315
943,0.00011878667282871902
944,0.0001221073471242562
945,0.0001188905443996191
946,0.00011858755169669166
947,0.0001178583552245982
948,0.00011695736611727625
949,0.0001157709994004108
950,0.00011386135156499222
951,0.00011473606718936935
952,0.00011807207192759961
953,0.00011392629676265642
954,0.00011314636503811926
955,0.00011339873890392482
956,0.0001145875794463791
957,0.00011273464042460546
958,0.00011231405369471759
959,0.000113329675514251
960,0.00011436239583417773
961,0.00011199327855138108
962,0.00011293876741547137
963,0.00011062999692512676
964,0.00011484914284665138
965,0.0001123616166296415
966,0.0001139267988037318
967,0.00011146057659061626
968,0.00011096665548393503
969,0.00010956723417621106
970,0.00011101747077191249
971,0.00011134223314002156
972,0.0001079188150470145
973,0.0001080730653484352
974,0.00010923379886662588
975,0.00010744934115791693
976,0.00010817348083946854
977,0.00010859663598239422
978,0.00010736301192082465
979,0.0001067476550815627
980,0.00010628721793182194
981,0.00010595742060104385
982,0.00010643265704857185
983,0.00010441728227306157
984,0.0001051865765475668
985,0.00010521826334297657
986,0.00010374068369856104
987,0.0001038674236042425
988,0.00010516089241718873
989,0.0001042325675371103
990,0.00010409817332401872
991,0.00010350402590120211
992,0.00010439378092996776
993,0.0001024890661938116
994,0.00010113511234521866
995,0.00010383430344518274
996,0.0001025992096401751
997,0.00010112786549143493
998,0.00010178818774875253
999,0.00010095621109940112
1000,0.0008964277221821249
1001,0.0013512528967112303
1002,0.0008251476101577282
1003,0.0008585944306105375
1004,0.00043966935481876135
1005,0.00046935194404795766
1006,0.000607420050073415
1007,0.00045423704432323575
1008,0.0003423579328227788
1009,0.00039261201163753867
1010,0.000402302568545565
1011,0.0003057572175748646
1012,0.0002793825988192111
1013,0.00032811483833938837
1014,0.00032273572287522256
1015,0.00024889467749744654
1016,0.0002278964384458959
1017,0.0002572959056124091
1018,0.00025918090250343084
1019,0.00021032168297097087
1020,0.00020554059301503003
1021,0.00022359698778018355
1022,0.000203012561541982
1023,0.0001789490634109825
1024,0.00018011075735557824
1025,0.00019481377967167646
1026,0.00017869702423922718
1027,0.00015545575297437608
1028,0.0001587217702763155
1029,0.0001570916938362643
1030,0.00014702303451485932
1031,0.00014369114069268107
1032,0.0001452000578865409
1033,0.00013674443471245468
1034,0.00013774266699329019
1035,0.00012894724204670638
1036,0.00012647821858990937
1037,0.00012268777936697006
1038,0.0001253105147043243
1039,0.000122267912956886
1040,0.00011561272549442947
1041,0.00011174743849551305
1042,0.00011364898819010705
1043,0.00011351673310855404
1044,0.00010960862709907815
1045,0.00010671780910342932
1046,0.00010775969712994993
1047,0.0001045448225340806
1048,0.0001043204974848777
1049,0.00010154543269891292
1050,0.00010055165330413729
1051,9.695568587630987e-05
1052,9.749584569362924e-05
1053,9.590854460839182e-05
1054,9.300040255766362e-05
1055,9.574589057592675e-05
1056,9.395545930601656e-05
1057,9.133269486483186e-05
1058,8.721605263417587e-05
1059,8.945312583819032e-05
1060,9.104150376515463e-05
1061,8.648310176795349e-05
1062,8.505500591127202e-05
1063,8.698889723746106e-05
1064,8.531448111170903e-05
1065,8.440812962362543e-05
1066,8.538411930203438e-05
1067,8.339128544321284e-05
1068,8.027074363781139e-05
1069,8.262673509307206e-05
1070,8.230812090914696e-05
1071,7.875258597778156e-05
1072,7.750268559902906e-05
1073,7.640779949724674e-05
1074,7.778237340971828e-05
1075,7.751330122118816e-05
1076,7.720229041296989e-05
1077,7.426316005876288e-05
1078,7.444137008860707e-05
1079,7.548463327111676e-05
1080,7.239030674099922e-05
1081,7.314610411413014e-05
1082,7.227160676848143e-05
1083,7.198294042609632e-05
1084,7.52630949136801e-05
1085,6.799204129492864e-05
1086,7.264664600370452e-05
1087,7.001911581028253e-05
1088,7.219245890155435e-05
1089,6.817076791776344e-05
1090,6.933294935151935e-05
1091,7.104204269126058e-05
1092,6.955848220968619e-05
1093,6.745998689439148e-05
1094,6.699588266201317e-05
1095,6.447179475799203e-05
1096,6.549946556333452e-05
1097,6.420657155103981e-05
1098,6.591205601580441e-05
1099,6.668896094197407e-05
1100,6.771335029043257e-05
1101,6.318680971162394e-05
1102,6.756756192771718e-05
1103,6.182317156344652e-05
1104,6.381235289154574e-05
1105,6.35656324448064e-05
1106,6.398364348569885e-05
1107,6.215715256985277e-05
1108,6.229642167454585e-05
1109,6.457275594584644e-05
1110,6.360603583743796e-05
1111,6.116081203799695e-05
1112,6.094953278079629e-05
1113,5.9848403907381e-05
1114,6.155708979349583e-05
1115,5.999718268867582e-05
1116,6.015651160851121e-05
1117,6.058219150872901e-05
1118,5.694417632184923e-05
1119,5.8352219639346004e-05
1120,5.842258542543277e-05
1121,5.874178896192461e-05
1122,5.883423000341281e-05
1123,5.985847383271903e-05
1124,5.888081432203762e-05
1125,5.767349648522213e-05
1126,5.60682819923386e-05
1127,5.636548303300515e-05
1128,5.528832116397098e-05
1129,5.901393888052553e-05
1130,5.5312040785793215e-05
1131,5.42324960406404e-05
1132,5.554834206122905e-05
1133,5.390452133724466e-05
1134,5.326097380020656e-05
1135,5.500756378751248e-05
1136,5.26496660313569e-05
1137,5.4657655709888786e-05
1138,5.291443449095823e-05
1139,5.273542774375528e-05
1140,5.2454182878136635e-05
1141,5.459837120724842e-05
1142,5.2950927056372166e-05
1143,5.2993094868725166e-05
1144,5.206640707910992e-05
1145,5.085649900138378e-05
1146,5.165387847227976e-05
1147,5.175399564905092e-05
1148,5.2128947572782636e-05
1149,5.015803617425263e-05
1150,5.168777352082543e-05
1151,4.9843525630421937e-05
1152,5.218642399995588e-05
1153,5.057606176706031e-05
1154,5.027254155720584e-05
1155,5.020740718464367e-05
1156,5.180274820304476e-05
1157,4.9285412387689576e-05
1158,4.747812636196613e-05
1159,4.821251059183851e-05
1160,4.894139783573337e-05
1161,4.9551443225936964e-05
1162,4.926417022943497e-05
1163,5.020945900469087e-05
1164,4.897290273220278e-05
1165,4.668108158512041e-05
1166,4.797754081664607e-05
1167,4.7708166675874963e-05
1168,4.719590288004838e-05
1169,4.8577101551927626e-05
1170,4.7452103899559006e-05
1171,4.933103627990931e-05
1172,4.61012423329521e-05
1173,4.9152618885273114e-05
1174,4.553915641736239e-05
1175,4.604697460308671e-05
1176,4.546778654912487e-05
1177,4.445103695616126e-05
1178,4.574123158818111e-05
1179,4.507575431489386e-05
1180,4.477478432818316e-05
1181,4.462249489733949e-05
1182,4.510363578447141e-05
1183,4.541153248283081e-05
1184,4.590526077663526e-05
1185,4.540312511380762e-05
1186,4.5447635784512386e-05
1187,4.4196960516273975e-05
1188,4.6787125029368326e-05
1189,4.486254329094663e-05
1190,4.608201197697781e-05
1191,4.3739182729041204e-05
1192,4.572498073684983e-05
1193,4.4784770580008626e-05
1194,4.481700307223946e-05
1195,4.436551171238534e-05
1196,4.4850592530565336e-05
1197,4.4152489863336086e-05
1198,4.198198803351261e-05
1199,4.456135502550751e-05
1200,4.333011747803539e-05
1201,4.338279177318327e-05
1202,4.200526382192038e-05
1203,4.379139136290178e-05
1204,4.3003052269341424e-05
1205,4.3909800297115e-05
1206,4.20905344071798e-05
1207,4.245143645675853e-05
1208,4.3169209675397724e-05
1209,4.2021230910904706e-05
1210,4.254978193785064e-05
1211,4.3235970224486664e-05
1212,4.205555160297081e-05
1213,4.1364997741766274e-05
1214,4.101512604393065e-05
1215,4.162760524195619e-05
1216,4.1889710701070726e-05
1217,4.0170685679186136e-05
1218,4.1347560909343883e-05
1219,4.1589119064155966e-05
1220,4.1379207686986774e-05
1221,4.1168779716826975e-05
1222,3.9769111026544124e-05
1223,4.2803156247828156e-05
1224,3.9304926758632064e-05
1225,4.190593244857155e-05
1226,4.1260434954892844e-05
1227,3.948502489947714e-05
1228,3.992065103375353e-05
1229,4.015677404822782e-05
1230,4.080349754076451e-05
1231,3.911901148967445e-05
1232,3.9899005059851333e-05
1233,3.7897349102422595e-05
1234,3.928188743884675e-05
1235,3.8487774872919545e-05
1236,3.806783206528053e-05
1237,3.8830570701975375e-05
1238,3.9699720218777657e-05
1239,3.737766746780835e-05
1240,4.058908234583214e-05
1241,3.8405953091569245e-05
1242,3.7541016354225576e-05
1243,3.6380530218593776e-05
1244,4.028674811706878e-05
1245,3.832533548120409e-05
1246,3.754348654183559e-05
1247,3.6911125789629295e-05
1248,3.8715686969226226e-05
1249,3.763485074159689e-05
1250,3.7280231481418014e-05
1251,3.8358244637493044e-05
1252,3.882945020450279e-05
1253,3.880670919897966e-05
1254,3.8338490412570536e-05
1255,3.771224510273896e-05
1256,3.6957295378670096e-05
1257,3.567643943824805e-05
1258,3.728205047082156e-05
1259,3.759523679036647e-05
1260,3.78546719730366e-05
1261,3.729668605956249e-05
1262,3.570386252249591e-05
1263,3.642780939117074e-05
1264,3.636712790466845e-05
1265,3.599073534132913e-05
1266,3.5531684261513874e-05
1267,3.727793227881193e-05
1268,3.637842019088566e-05
1269,3.517885124892928e-05
1270,3.5465585824567825e-05
1271,3.7343739677453414e-05
1272,3.616404865169898e-05
1273,3.5587898310041055e-05
1274,3.518707671901211e-05
1275,3.621460200520232e-05
1276,3.4192242310382426e-05
1277,3.580104385036975e-05
1278,3.472427124506794e-05
1279,3.566296800272539e-05
1280,3.4646156564122066e-05
1281,3.381201167940162e-05
1282,3.3523210731800646e-05
1283,3.691829988383688e-05
1284,3.468535578576848e-05
1285,3.4184362448286265e-05
1286,3.509427551762201e-05
1287,3.310538886580616e-05
1288,3.472239768598229e-05
1289,3.446498158155009e-05
1290,3.372626451891847e-05
1291,3.3263037039432675e-05
1292,3.4638702345546335e-05
1293,3.3380794775439426e-05
1294,3.565500446711667e-05
1295,3.6523535527521744e-05
1296,3.3503198210382834e-05
1297,3.4614509786479175e-05
1298,3.4109183616237715e-05
1299,3.399803608772345e-05
1300,3.2530344469705597e-05
1301,3.356784873176366e-05
1302,3.339213799335994e-05
1303,3.402952279429883e-05
1304,3.274976188549772e-05
1305,3.31032533722464e-05
1306,3.206755354767665e-05
1307,3.4704091376625e-05
1308,3.364500662428327e-05
1309,3.448257120908238e-05
1310,3.3625972719164565e-05
1311,3.259083678130992e-05
1312,3.4218373912153766e-05
1313,3.205462417099625e-05
1314,3.308122177259065e-05
1315,3.3475876989541575e-05
1316,3.267330612288788e-05
1317,3.183802982675843e-05
1318,3.372057108208537e-05
1319,3.304586425656453e-05
1320,3.200269929948263e-05
1321,3.295947681181133e-05
1322,3.27047127939295e-05
1323,3.360084519954398e-05
1324,3.266218118369579e-05
1325,3.406363612157293e-05
1326,3.410146018723026e-05
1327,3.266219573561102e-05
1328,3.467472197371535e-05
1329,3.198643753421493e-05
1330,3.502350227790885e-05
1331,3.1721188861411065e-05
1332,3.284568811068311e-05
1333,3.3149692171718925e-05
1334,3.1630661396775395e-05
1335,3.347837628098205e-05
1336,3.106254735030234e-05
1337,3.058688889723271e-05
1338,3.201870640623383e-05
1339,3.137708699796349e-05
1340,3.0896157113602385e-05
1341,3.16311270580627e-05
1342,3.059527080040425e-05
1343,3.0665389203932136e-05
1344,3.120367546216585e-05
1345,3.054303670069203e-05
1346,3.1787938496563584e-05
1347,3.0081635486567393e-05
1348,2.9896084015490487e-05
1349,3.054389890166931e-05
1350,3.052297324757092e-05
1351,3.064149495912716e-05
1352,2.987094921991229e-05
1353,3.133004793198779e-05
1354,3.038472823391203e-05
1355,2.973339542222675e-05
1356,3.126827868982218e-05
1357,3.1135456083575264e-05
1358,3.1614923500455916e-05
1359,3.126139927189797e-05
1360,2.949171539512463e-05
1361,3.098837623838335e-05
1362,2.9706903660553508e-05
1363,3.0443514333455823e-05
1364,3.0664465157315135e-05
1365,3.0484401577268727e-05
1366,2.9088934752508067e-05
1367,2.9449427529470995e-05
1368,2.9829203413100913e-05
1369,2.9445000109262764e-05
1370,3.0572922696592286e-05
1371,2.8909642423968762e-05
1372,2.9574201107607223e-05
1373,3.007335908478126e-05
1374,2.916838820965495e-05
1375,3.032768472621683e-05
1376,2.8594566174433567e-05
1377,2.9621105568367057e-05
1378,2.9191567591624334e-05
1379,2.8623553589568473e-05
1380,2.83044355455786e-05
1381,2.8958886105101556e-05
1382,2.930275149992667e-05
1383,2.9254302717163227e-05
1384,2.916493576776702e-05
1385,2.8469878088799305e-05
1386,2.8034939532517456e-05
1387,2.8448579541873187e-05
1388,2.90497591777239e-05
1389,2.836515341186896e-05
1390,2.72188972303411e-05
1391,2.7577418222790584e-05
1392,2.726570346567314e-05
1393,2.8549189664772712e-05
1394,2.804631003527902e-05
1395,2.7186895749764517e-05
1396,2.7609501557890326e-05
1397,2.8167089112685062e-05
1398,2.6982181225321256e-05
1399,2.8048754757037386e-05
1400,2.8115679015172645e-05
1401,2.7830903491121717e-05
1402,2.7272282750345767e-05
1403,2.8314350856817327e-05
1404,2.7684560336638242e-05
1405,2.6679786969907582e-05
1406,2.8077050956198946e-05
1407,2.77577419183217e-05
1408,2.7078673156211153e-05
1409,2.7068635972682387e-05
1410,2.7448391847428866e-05
1411,2.7138412406202406e-05
1412,2.6430006982991472e-05
1413,2.6635138056008145e-05
1414,2.747415601334069e-05
1415,2.6735560822999105e-05
1416,2.6579216864774935e-05
1417,2.6407631594338454e-05
1418,2.7031925128540024e-05
1419,2.6334437279729173e-05
1420,2.685998879314866e-05
1421,2.719992698985152e-05
1422,2.5996871045208536e-05
1423,2.674235474842135e-05
1424,2.6920721211354248e-05
1425,2.5696885131765157e-05
1426,2.6337032977608033e-05
1427,2.5773602828849107e-05
1428,2.610630872368347e-05
1429,2.5269306206610054e-05
1430,2.592018608993385e-05
1431,2.57621595665114e-05
1432,2.5012017431436107e-05
1433,2.574289646872785e-05
1434,2.5377295969519764e-05
1435,2.6049678126582876e-05
1436,2.6892212190432474e-05
1437,2.585912443464622e-05
1438,2.506663258827757e-05
1439,2.5790093786781654e-05
1440,2.6028286811197177e-05
1441,2.5689329049782827e-05
1442,2.50816774496343e-05
1443,2.5532157451380044e-05
1444,2.560120447014924e-05
1445,2.5689478206913918e-05
1446,2.559444328653626e-05
1447,2.4776754798949696e-05
1448,2.5596093109925278e-05
1449,2.573172969277948e-05
1450,2.496551678632386e-05
1451,2.5464672944508493e-05
1452,2.563903763075359e-05
1453,2.6044952392112464e-05
1454,2.4741562810959294e-05
1455,2.4970957383629866e-05
1456,2.4794584533083253e-05
1457,2.5608362193452194e-05
1458,2.4557808501413092e-05
1459,2.4528322683181614e-05
1460,2.4590144676039927e-05
1461,2.397099888185039e-05
1462,2.499829133739695e-05
1463,2.4607688828837126e-05
1464,2.472678170306608e-05
1465,2.4775357815087773e-05
1466,2.4939125069067813e-05
1467,2.3936590878292918e-05
1468,2.4360528186662123e-05
1469,2.5090581402764656e-05
1470,2.5666393412393518e-05
1471,2.4366370780626312e-05
1472,2.438061528664548e-05
1473,2.540473360568285e-05
1474,2.4167691663024016e-05
1475,2.371477421547752e-05
1476,2.48396499955561e-05
1477,2.416179995634593e-05
1478,2.4900647986214608e-05
1479,2.4021002900553867e-05
1480,2.4704735551495105e-05
1481,2.387043059570715e-05
1482,2.400083940301556e-05
1483,2.3529602913185954e-05
1484,2.4561559257563204e-05
1485,2.3892758690635674e-05
1486,2.309598130523227e-05
1487,2.311266325705219e-05
1488,2.250177385576535e-05
1489,2.430232234473806e-05
1490,2.307306021975819e-05
1491,2.4531125745852478e-05
1492,2.384247272857465e-05
1493,2.430426684441045e-05
1494,2.343567211937625e-05
1495,2.4493634555255994e-05
1496,2.3430815417668782e-05
1497,2.3191285436041653e-05
1498,2.3272688849829137e-05
1499,2.336198667762801e-05
1500,2.322682848898694e-05
1501,0.0010275659151375294
1502,0.00019541704386938363
1503,0.0004135487833991647
1504,0.0003857166739180684
1505,0.0003227575507480651
1506,0.00029236695263534784
1507,0.00023235450498759747
1508,0.00013748988567385823
1509,0.00010400555038359016
1510,0.00016480400518048555
1511,0.00020497884543146938
1512,0.00017150136409327388
1513,9.890064393403009e-05
1514,6.820973794674501e-05
1515,8.080413681454957e-05
1516,0.00010037379979621619
1517,0.00010227984603261575
1518,9.705245611257851e-05
1519,9.141441842075437e-05
1520,6.602590292459354e-05
1521,4.394220741232857e-05
1522,4.138009899179451e-05
1523,5.5473017710028216e-05
1524,7.353483670158312e-05
1525,6.469923391705379e-05
1526,4.580387758323923e-05
1527,3.847563857561909e-05
1528,3.99789132643491e-05
1529,4.19495117967017e-05
1530,4.1435545426793396e-05
1531,4.0704297134652734e-05
1532,4.172226181253791e-05
1533,3.4532014979049563e-05
1534,3.099577588727698e-05
1535,2.883736669900827e-05
1536,3.4610293369041756e-05
1537,3.357355672051199e-05
1538,3.2434476452181116e-05
1539,2.787654557323549e-05
1540,2.6918944058706984e-05
1541,2.7919884814764373e-05
1542,2.7510135623742826e-05
1543,2.792222221614793e-05
1544,2.9270913728396408e-05
1545,2.5778461349545978e-05
1546,2.549996497691609e-05
1547,2.4501739972038195e-05
1548,2.580452746769879e-05
1549,2.5689820176921785e-05
1550,2.5923342036549002e-05
1551,2.4232518626376987e-05
1552,2.512560058676172e-05
1553,2.3180258722277358e-05
1554,2.3347949536400847e-05
1555,2.5029838070622645e-05
1556,2.4992534235934727e-05
1557,2.377108648943249e-05
1558,2.3480137315345928e-05
1559,2.312173273821827e-05
1560,2.411631794529967e-05
1561,2.347631198063027e-05
1562,2.3535327272838913e-05
1563,2.354930438741576e-05
1564,2.2917862224858254e-05
1565,2.3366384994005784e-05
1566,2.29386623686878e-05
1567,2.4206718080677092e-05
1568,2.181812669732608e-05
1569,2.2019035895937122e-05
1570,2.2097077817306854e-05
1571,2.2386275304597802e-05
1572,2.283981848449912e-05
1573,2.1897001715842634e-05
1574,2.265536386403255e-05
1575,2.227084041805938e-05
1576,2.261861300212331e-05
1577,2.2418378648580983e-05
1578,2.1937450583209284e-05
1579,2.3123217033571564e-05
1580,2.166809281334281e-05
1581,2.195409979321994e-05
1582,2.2805876142228954e-05
1583,2.2118716515251435e-05
1584,2.181308445869945e-05
1585,2.2660440663457848e-05
1586,2.2935473680263385e-05
1587,2.2069372789701447e-05
1588,2.190815212088637e-05
1589,2.2454278223449364e-05
1590,2.2058644390199333e-05
1591,2.1765757992397994e-05
1592,2.1382509657996707e-05
1593,2.2505495508085005e-05
1594,2.2182839529705234e-05
1595,2.2133661332190968e-05
1596,2.2084852389525622e-05
1597,2.2220974642550573e-05
1598,2.1192903659539297e-05
1599,2.2134969185572118e-05
1600,2.1744685000157915e-05
1601,2.205294367740862e-05
1602,2.1404946892289445e-05
1603,2.163087083317805e-05
1604,2.1229390767985024e-05
1605,2.1249255951261148e-05
1606,2.204860902565997e-05
1607,2.220714850409422e-05
1608,2.309878618689254e-05
1609,2.2790687580709346e-05
1610,2.263624446641188e-05
1611,2.2363406969816424e-05
1612,2.1515814296435565e-05
1613,2.3282207621377893e-05
1614,2.1978879885864444e-05
1615,2.1982599719194695e-05
1616,2.1740941519965418e-05
1617,2.2183845430845395e-05
1618,2.176000998588279e-05
1619,2.1783205738756806e-05
1620,2.1529793230001815e-05
1621,2.1923005988355726e-05
1622,2.1719852156820707e-05
1623,2.1689955246984027e-05
1624,2.1481870135175996e-05
1625,2.2270878616836853e-05
1626,2.151075932488311e-05
1627,2.2269201508606784e-05
1628,2.1720661607105285e-05
1629,2.1388188542914577e-05
1630,2.200270137109328e-05
1631,2.1400859623099677e-05
1632,2.1423593352665193e-05
1633,2.1026815375080332e-05
1634,2.0764475266332738e-05
1635,2.0797324395971373e-05
1636,2.139152456948068e-05
1637,2.0928666344843805e-05
1638,2.1192608983255923e-05
1639,2.100697747664526e-05
1640,2.1949332221993245e-05
1641,2.1993731934344396e-05
1642,2.1926185581833124e-05
1643,2.1186937374295667e-05
1644,2.1310146621544845e-05
1645,2.055694130831398e-05
1646,2.1468762497534044e-05
1647,2.181745003326796e-05
1648,2.0628003767342307e-05
1649,2.1532963728532195e-05
1650,2.0644361939048395e-05
1651,2.0742660126416013e-05
1652,2.1540847228607163e-05
1653,2.2427382646128535e-05
1654,2.1189756807871163e-05
1655,2.0731395125039853e-05
1656,2.1095635020174086e-05
1657,2.0637709894799627e-05
1658,2.0982739442843013e-05
1659,2.0231753296684474e-05
1660,2.076369673886802e-05
1661,2.0966319425497204e-05
1662,2.0834875613218173e-05
1663,2.2137382984510623e-05
1664,2.0518667952273972e-05
1665,2.051849696727004e-05
1666,2.14861811400624e-05
1667,2.1352097974158823e-05
1668,2.1344347260310315e-05
1669,2.147080158465542e-05
1670,2.0785759261343628e-05
1671,2.1136987925274298e-05
1672,2.1479339920915663e-05
1673,2.104443046846427e-05
1674,2.156050868507009e-05
1675,2.16963544517057e-05
1676,2.0440298612811603e-05
1677,2.0973426217096858e-05
1678,2.0883468096144497e-05
1679,2.0305767975514755e-05
1680,2.088085784635041e-05
1681,2.0762458007084206e-05
1682,2.1052370357210748e-05
1683,2.098219374602195e-05
1684,2.0249017325113527e-05
1685,2.108002081513405e-05
1686,2.0601008145604283e-05
1687,2.0438923456822522e-05
1688,2.0237936041667126e-05
1689,1.996604260057211e-05
1690,2.0123103240621276e-05
1691,2.0319261238910258e-05
1692,1.9899704057024792e-05
1693,1.9874369172612205e-05
1694,2.015560312429443e-05
1695,2.0496394427027553e-05
1696,2.0217268684064038e-05
1697,2.0290532120270655e-05
1698,2.035803481703624e-05
1699,2.022860098804813e-05
1700,2.0235940610291436e-05
1701,2.0017550923512317e-05
1702,1.9694751244969666e-05
1703,2.023731758526992e-05
1704,1.985992093977984e-05
1705,2.0660496375057846e-05
1706,1.9938124751206487e-05
1707,2.046889130724594e-05
1708,2.148713610949926e-05
1709,2.1518100766115822e-05
1710,2.008695446420461e-05
1711,1.9191737010260113e-05
1712,1.9856122889905237e-05
1713,1.9203152987756766e-05
1714,2.2630869352724403e-05
1715,2.4735079932725057e-05
1716,1.973815233213827e-05
1717,2.1523555915337056e-05
1718,2.456528090988286e-05
1719,2.1990283130435273e-05
1720,2.0400917492224835e-05
1721,2.3302152840187773e-05
1722,2.351556031499058e-05
1723,2.0878691429970786e-05
1724,2.2826934582553804e-05
1725,2.528304685256444e-05
1726,2.065612170554232e-05
1727,2.4783746994216926e-05
1728,3.115203435299918e-05
1729,2.2877515220898204e-05
1730,2.3090662580216303e-05
1731,2.9126424124115147e-05
1732,2.332562507945113e-05
1733,2.124782622558996e-05
1734,2.351474540773779e-05
1735,2.114589005941525e-05
1736,2.2024973077350296e-05
1737,2.5430805180803873e-05
1738,2.226260221505072e-05
1739,2.1046495021437295e-05
1740,2.4710629077162594e-05
1741,2.2035525034880266e-05
1742,2.033499549725093e-05
1743,2.278005013067741e-05
1744,2.057371602859348e-05
1745,1.969447112060152e-05
1746,2.043750646407716e-05
1747,1.9764291209867224e-05
1748,1.9381404854357243e-05
1749,2.0516930817393586e-05
1750,1.972145946638193e-05
1751,1.990516102523543e-05
1752,1.9265376977273263e-05
1753,1.929052268678788e-05
1754,1.986877032322809e-05
1755,2.0298586605349556e-05
1756,1.9511027858243324e-05
1757,2.1368381567299366e-05
1758,2.0575833332259208e-05
1759,1.9764893295359798e-05
1760,1.917066219903063e-05
1761,1.9090077330474742e-05
1762,1.903966040117666e-05
1763,1.8601476767798886e-05
1764,1.9157005226588808e-05
1765,1.8744969565887004e-05
1766,1.9016628357348964e-05
1767,1.919418718898669e-05
1768,1.9310289644636214e-05
1769,1.8858721887227148e-05
1770,1.879173214547336e-05
1771,1.8435837773722596e-05
1772,1.8218528566649184e-05
1773,1.9260622138972394e-05
1774,1.87627683772007e-05
1775,1.8454613382345997e-05
1776,1.8552305846242234e-05
1777,1.8913193343905732e-05
1778,1.9211913240724243e-05
1779,1.911414619826246e-05
1780,1.8689555872697383e-05
1781,1.915390748763457e-05
1782,1.9146054910379462e-05
1783,1.7899465092341416e-05
1784,1.868342951638624e-05
1785,1.9634868294815533e-05
1786,1.8785720385494642e-05
1787,1.924108619277831e-05
1788,1.898771915875841e-05
1789,1.9016983060282655e-05
1790,1.837680974858813e-05
1791,1.8383487258688547e-05
1792,1.871594213298522e-05
1793,1.898838672786951e-05
1794,1.856461494753603e-05
1795,1.843017162173055e-05
1796,1.8869399355025962e-05
1797,1.873789369710721e-05
1798,1.8491286027710885e-05
1799,1.9477811292745173e-05
1800,2.0633988242479973e-05
1801,1.9021415937459096e-05
1802,1.8222206563223153e-05
1803,1.8875402020057663e-05
1804,1.987937321246136e-05
1805,1.891370084194932e-05
1806,1.8496502889320254e-05
1807,1.829023676691577e-05
1808,1.8558353986009024e-05
1809,1.9069164409302175e-05
1810,1.815671203075908e-05
1811,1.7921865946846083e-05
1812,1.868954313977156e-05
1813,1.8510301742935553e-05
1814,1.8443743101670407e-05
1815,1.8159740648115985e-05
1816,1.8799571989802644e-05
1817,1.8443757653585635e-05
1818,1.775517921487335e-05
1819,1.8024678865913302e-05
1820,1.8356040527578443e-05
1821,1.8807822925737128e-05
1822,1.7674739865469746e-05
1823,1.8231621652375907e-05
1824,1.790583883121144e-05
1825,1.808432352845557e-05
1826,1.821179648686666e-05
1827,1.840553159127012e-05
1828,1.8334152628085576e-05
1829,1.7288261005887762e-05
1830,1.713896926958114e-05
1831,1.8149285097024404e-05
1832,1.754666300257668e-05
1833,1.7971302440855652e-05
1834,1.7446654965169728e-05
1835,1.910715945996344e-05
1836,1.939730100275483e-05
1837,1.8048873243969865e-05
1838,1.7893175026983954e-05
1839,1.853262983786408e-05
1840,1.9706883904291317e-05
1841,1.8699625798035413e-05
1842,1.7667885913397186e-05
1843,1.817469092202373e-05
1844,1.8090127923642285e-05
1845,1.772858558979351e-05
1846,1.7324111468042247e-05
1847,1.7344294974463992e-05
1848,1.7175108951050788e-05
1849,1.756876372382976e-05
1850,1.7357182514388114e-05
1851,1.6878844689927064e-05
1852,1.8511498637963086e-05
1853,1.7628404748393223e-05
1854,1.720583350106608e-05
1855,1.752476418914739e-05
1856,1.773125768522732e-05
1857,1.7467311408836395e-05
1858,1.7575810488779098e-05
1859,1.7379301425535232e-05
1860,1.7867741917143576e-05
1861,1.7730553736328147e-05
1862,1.832368434406817e-05
1863,1.841599259932991e-05
1864,1.840687582443934e-05
1865,1.6738671547500417e-05
1866,1.6694215446477756e-05
1867,1.7073340131901205e-05
1868,1.721253829600755e-05
1869,1.706212970020715e-05
1870,1.697128391242586e-05
1871,1.6915610103751533e-05
1872,1.7169462807942182e-05
1873,1.7324839063803665e-05
1874,1.7582735381438397e-05
1875,1.7850858057499863e-05
1876,1.781274113454856e-05
1877,1.6721249266993254e-05
1878,1.652757237025071e-05
1879,1.7168931663036346e-05
1880,1.858401083154604e-05
1881,1.986192728509195e-05
1882,1.990509008464869e-05
1883,1.9021726984647103e-05
1884,1.8696762708714232e-05
1885,1.7131933418568224e-05
1886,1.6554706235183403e-05
1887,1.666273055889178e-05
1888,1.687213261902798e-05
1889,1.721752960293088e-05
1890,1.7044529158738442e-05
1891,1.6770918591646478e-05
1892,1.7256883438676596e-05
1893,1.795014577510301e-05
1894,1.785211316018831e-05
1895,1.8362525224802084e-05
1896,1.7263952031498775e-05
1897,1.6773985407780856e-05
1898,1.728505958453752e-05
1899,1.781176615622826e-05
1900,1.8619395632413216e-05
1901,1.9821280147880316e-05
1902,1.9282902940176427e-05
1903,1.860014526755549e-05
1904,1.69060003827326e-05
1905,1.7199972717207856e-05
1906,1.8381630070507526e-05
1907,1.8337646906729788e-05
1908,1.7808260963647626e-05
1909,1.7058526282198727e-05
1910,1.699268977972679e-05
1911,1.670364690653514e-05
1912,1.677689579082653e-05
1913,1.6904983567656018e-05
1914,1.7185582692036405e-05
1915,1.637374225538224e-05
1916,1.6665942894178443e-05
1917,1.7028736692736857e-05
1918,1.6668140233377926e-05
1919,1.645416887186002e-05
1920,1.6708130715414882e-05
1921,1.6299274648190476e-05
1922,1.695504761300981e-05
1923,1.7912840121425688e-05
1924,1.8481001461623237e-05
1925,1.970242738025263e-05
1926,1.788478039088659e-05
1927,1.711645381874405e-05
1928,1.614945358596742e-05
1929,1.714105746941641e-05
1930,1.8430000636726618e-05
1931,2.1055237084510736e-05
1932,2.218447843915783e-05
1933,2.1407708118204027e-05
1934,1.8717437342274934e-05
1935,1.6936231986619532e-05
1936,1.7328060494037345e-05
1937,1.9621165847638622e-05
1938,2.2430562239605933e-05
1939,2.066003617073875e-05
1940,1.8222339349449612e-05
1941,1.6820738892420195e-05
1942,1.619305112399161e-05
1943,1.569959204061888e-05
1944,1.6430718460469507e-05
1945,1.6655967556289397e-05
1946,1.749663715600036e-05
1947,1.7140500858658925e-05
1948,1.6634301573503762e-05
1949,1.531720772618428e-05
1950,1.766119930834975e-05
1951,1.9049814000027254e-05
1952,2.1386156731750816e-05
1953,2.1506217308342457e-05
1954,1.9992745365016162e-05
1955,1.709961907181423e-05
1956,1.6018304449971765e-05
1957,2.0221375962137245e-05
1958,2.613677133922465e-05
1959,2.7544936529011466e-05
1960,2.3374957891064696e-05
1961,1.8310722225578502e-05
1962,1.5712777894805185e-05
1963,1.703219095361419e-05
1964,1.8068240024149418e-05
1965,1.832415728131309e-05
1966,1.7633890820434317e-05
1967,1.6073772712843493e-05
1968,1.754798722686246e-05
1969,1.6440493709524162e-05
1970,1.6914853404159658e-05
1971,1.656933090998791e-05
1972,1.5815719962120056e-05
1973,1.57724462042097e-05
1974,1.666340176598169e-05
1975,1.761516796250362e-05
1976,1.8629014448379166e-05
1977,1.8807661035680212e-05
1978,1.8264363461639732e-05
1979,1.7406651750206947e-05
1980,1.6817108189570718e-05
1981,1.6308149497490376e-05
1982,1.5445870303665288e-05
1983,1.6529420463484712e-05
1984,1.682603033259511e-05
1985,1.6118732673930936e-05
1986,1.677471664152108e-05
1987,1.508136119809933e-05
1988,1.642846291360911e-05
1989,1.5746469216537662e-05
1990,1.6562853488721885e-05
1991,1.622194395167753e-05
1992,1.7082282283809036e-05
1993,1.631673330848571e-05
1994,1.5070019799168222e-05
1995,1.56027490447741e-05
1996,1.678573426033836e-05
1997,1.8406113667879254e-05
1998,2.0492152543738484e-05
1999,1.934330430231057e-05
2000,1.3060784112894908e-05
