step,loss
0,10.053126335144043
1,7.425231456756592
2,4.739628314971924
3,4.656153678894043
4,4.275668621063232
5,4.526147842407227
6,5.0505757331848145
7,5.4886474609375
8,5.2815728187561035
9,5.134260177612305
10,4.805332183837891
11,4.554108619689941
12,4.361101150512695
13,4.163176536560059
14,4.12329626083374
15,3.9307525157928467
16,4.664174556732178
17,4.4144287109375
18,4.37168550491333
19,4.785980224609375
20,4.286541938781738
21,4.351757049560547
22,4.434391498565674
23,4.18496036529541
24,3.8593525886535645
25,4.380757808685303
26,4.108359336853027
27,4.236240386962891
28,4.3705244064331055
29,4.560701370239258
30,4.15342378616333
31,4.181408405303955
32,4.402496337890625
33,4.212584018707275
34,4.423015117645264
35,4.208255290985107
36,4.146766662597656
37,3.9750280380249023
38,4.083815574645996
39,4.152742862701416
40,3.896428108215332
41,4.0251617431640625
42,4.142916679382324
43,4.1441264152526855
44,4.457738876342773
45,4.749801158905029
46,3.9150896072387695
47,3.9859228134155273
48,3.8933897018432617
49,3.985243082046509
50,4.072476863861084
51,3.8919548988342285
52,4.279088020324707
53,4.264749050140381
54,4.2415547370910645
55,3.861239194869995
56,4.078213691711426
57,4.293361186981201
58,4.176747798919678
59,3.8038713932037354
60,4.219420909881592
61,4.358124732971191
62,4.397324562072754
63,3.5734996795654297
64,4.080631256103516
65,3.6524405479431152
66,3.845733642578125
67,4.083529472351074
68,3.7808523178100586
69,4.100621700286865
70,3.8797826766967773
71,4.016637802124023
72,4.043188095092773
73,4.142030715942383
74,3.7811384201049805
75,3.5188536643981934
76,3.577134132385254
77,3.892906665802002
78,3.781780242919922
79,3.588968276977539
80,3.6801681518554688
81,4.180187225341797
82,3.847444772720337
83,3.4859492778778076
84,4.016120910644531
85,3.824556827545166
86,4.039186000823975
87,3.7826099395751953
88,3.79331111907959
89,3.574979782104492
90,3.6629438400268555
91,3.6886496543884277
92,3.5670697689056396
93,3.5833964347839355
94,3.636148452758789
95,3.424015760421753
96,3.616015672683716
97,3.595038414001465
98,3.3820533752441406
99,3.7073850631713867
100,3.5625433921813965
101,3.5775680541992188
102,3.4098949432373047
103,3.5322539806365967
104,3.4533681869506836
105,3.5336270332336426
106,3.4466183185577393
107,3.284761667251587
108,3.213209629058838
109,3.2097561359405518
110,3.321633815765381
111,3.495482921600342
112,3.0286331176757812
113,2.9844131469726562
114,2.9379501342773438
115,3.130592107772827
116,3.243161678314209
117,2.6923751831054688
118,3.1390204429626465
119,2.69321608543396
120,2.972578525543213
121,2.8059611320495605
122,2.7313601970672607
123,2.9762513637542725
124,2.717658281326294
125,2.4390757083892822
126,2.7335751056671143
127,2.485332489013672
128,2.321263313293457
129,2.491271734237671
130,2.458667278289795
131,2.1112561225891113
132,2.210613489151001
133,2.2435479164123535
134,2.217015504837036
135,1.9754116535186768
136,2.042782783508301
137,2.0190911293029785
138,1.950236439704895
139,1.9652422666549683
140,1.7803527116775513
141,1.7101658582687378
142,1.5462825298309326
143,1.696626901626587
144,1.6440348625183105
145,1.5654841661453247
146,1.460159182548523
147,1.531935691833496
148,1.4269585609436035
149,1.2456717491149902
150,1.222705602645874
151,1.104093313217163
152,1.2347146272659302
153,1.1418640613555908
154,1.1649352312088013
155,1.096391201019287
156,0.9927811622619629
157,0.9371673464775085
158,0.9082699418067932
159,0.8949532508850098
160,0.9146857261657715
161,0.8555439114570618
162,0.8244013786315918
163,0.8059604167938232
164,0.7959505319595337
165,0.7388074398040771
166,0.7212846279144287
167,0.7542228102684021
168,0.6557745933532715
169,0.6570800542831421
170,0.6578336954116821
171,0.6275023221969604
172,0.6132709980010986
173,0.6341139078140259
174,0.6713484525680542
175,0.6813622117042542
176,0.6064454317092896
177,0.6447727084159851
178,0.5990382432937622
179,0.6317294836044312
180,0.5559444427490234
181,0.6340794563293457
182,0.5858962535858154
183,0.6178302764892578
184,0.5662997364997864
185,0.6274526119232178
186,0.5713527202606201
187,0.5692646503448486
188,0.6124405264854431
189,0.5763556957244873
190,0.5826796293258667
191,0.5545485019683838
192,0.574749767780304
193,0.5678458213806152
194,0.5623271465301514
195,0.5322772264480591
196,0.5684292316436768
197,0.5972805619239807
198,0.584355354309082
199,0.5860581398010254
200,0.5333234667778015
201,0.5774539113044739
202,0.5873939990997314
203,0.5450680255889893
204,0.5438435077667236
205,0.5935824513435364
206,0.5392383933067322
207,0.5490906238555908
208,0.5270891189575195
209,0.5577290654182434
210,0.5667723417282104
211,0.53687584400177
212,0.523517370223999
213,0.5482441186904907
214,0.5637832880020142
215,0.5427653789520264
216,0.5586228370666504
217,0.5211225748062134
218,0.5236937999725342
219,0.522068977355957
220,0.5625960826873779
221,0.5289225578308105
222,0.5336034297943115
223,0.5079728960990906
224,0.5452580451965332
225,0.49968981742858887
226,0.48539072275161743
227,0.5377017259597778
228,0.5306167602539062
229,0.5298438668251038
230,0.5553045272827148
231,0.5005605816841125
232,0.5203830003738403
233,0.5168394446372986
234,0.5363819599151611
235,0.5029940605163574
236,0.5156332850456238
237,0.495016485452652
238,0.5083802342414856
239,0.5174667239189148
240,0.4923839569091797
241,0.4859352707862854
242,0.526768684387207
243,0.49449867010116577
244,0.5052656531333923
245,0.5138302445411682
246,0.4880489110946655
247,0.4941228926181793
248,0.5202020406723022
249,0.4717525243759155
250,0.5100411176681519
251,0.5291978716850281
252,0.4981945753097534
253,0.4894043505191803
254,0.4850698709487915
255,0.509244978427887
256,0.5134089589118958
257,0.4875083863735199
258,0.4983610510826111
259,0.4904308319091797
260,0.4591901898384094
261,0.5120328664779663
262,0.5275300741195679
263,0.5048288106918335
264,0.4690662920475006
265,0.5058470964431763
266,0.47384369373321533
267,0.4538409113883972
268,0.4882374405860901
269,0.476296067237854
270,0.47341230511665344
271,0.4542176127433777
272,0.4920724630355835
273,0.4951593279838562
274,0.4667894244194031
275,0.4908498227596283
276,0.4708992540836334
277,0.49648523330688477
278,0.49024903774261475
279,0.45270198583602905
280,0.5053509473800659
281,0.4519042372703552
282,0.45739245414733887
283,0.4614867866039276
284,0.46515756845474243
285,0.4427361488342285
286,0.4866396188735962
287,0.46540501713752747
288,0.4672120213508606
289,0.43984055519104004
290,0.47429701685905457
291,0.4738844633102417
292,0.46883833408355713
293,0.47670960426330566
294,0.46030789613723755
295,0.45061564445495605
296,0.467995285987854
297,0.44661039113998413
298,0.4522475004196167
299,0.4423159956932068
300,0.43085652589797974
301,0.4491667151451111
302,0.45609450340270996
303,0.47193846106529236
304,0.4763551652431488
305,0.4743082523345947
306,0.4272077679634094
307,0.4523494243621826
308,0.4431922435760498
309,0.45177963376045227
310,0.46050262451171875
311,0.4257645010948181
312,0.42600589990615845
313,0.4325323700904846
314,0.4680880904197693
315,0.44883912801742554
316,0.44273439049720764
317,0.45419877767562866
318,0.4196884036064148
319,0.4699127674102783
320,0.4344174861907959
321,0.4247986376285553
322,0.4126749634742737
323,0.4276491403579712
324,0.44462668895721436
325,0.46206218004226685
326,0.4436267614364624
327,0.4448630213737488
328,0.4364356994628906
329,0.4601038694381714
330,0.45187750458717346
331,0.4258115887641907
332,0.46524307131767273
333,0.42792457342147827
334,0.47379836440086365
335,0.4542791247367859
336,0.4194096326828003
337,0.4459438920021057
338,0.4362281262874603
339,0.4200853705406189
340,0.4564363360404968
341,0.43772903084754944
342,0.4174095392227173
343,0.4093920588493347
344,0.42210856080055237
345,0.41957008838653564
346,0.4353933334350586
347,0.43864548206329346
348,0.42152801156044006
349,0.4548642337322235
350,0.4336767792701721
351,0.4208208918571472
352,0.4136176109313965
353,0.4439752697944641
354,0.4018270969390869
355,0.4330958127975464
356,0.4369189739227295
357,0.4258963465690613
358,0.46871352195739746
359,0.44858115911483765
360,0.4091297388076782
361,0.4510264992713928
362,0.43606704473495483
363,0.40460753440856934
364,0.42738860845565796
365,0.42122673988342285
366,0.43174856901168823
367,0.428099125623703
368,0.4460291564464569
369,0.44791990518569946
370,0.451052725315094
371,0.39835017919540405
372,0.40596798062324524
373,0.4242059588432312
374,0.4191620647907257
375,0.42756858468055725
376,0.4140755534172058
377,0.40756943821907043
378,0.4235420525074005
379,0.4079234004020691
380,0.39576131105422974
381,0.3873041868209839
382,0.39650607109069824
383,0.4101371169090271
384,0.3786122798919678
385,0.4312571883201599
386,0.44543546438217163
387,0.41213223338127136
388,0.42052698135375977
389,0.42308473587036133
390,0.4371894598007202
391,0.38622546195983887
392,0.39664047956466675
393,0.41696327924728394
394,0.4067687392234802
395,0.40016642212867737
396,0.41389015316963196
397,0.4234299063682556
398,0.41540437936782837
399,0.40305402874946594
400,0.4175379276275635
401,0.41279709339141846
402,0.41714873909950256
403,0.44113239645957947
404,0.3771924376487732
405,0.41581377387046814
406,0.4054946005344391
407,0.3777834177017212
408,0.39164257049560547
409,0.3919376730918884
410,0.3906356692314148
411,0.38371628522872925
412,0.4146197438240051
413,0.3868061900138855
414,0.3981814682483673
415,0.372087299823761
416,0.3860152065753937
417,0.4208065867424011
418,0.4186217784881592
419,0.4068102240562439
420,0.41454529762268066
421,0.38172250986099243
422,0.3989189565181732
423,0.428078830242157
424,0.39666253328323364
425,0.4056641161441803
426,0.37596213817596436
427,0.3794032633304596
428,0.4082784056663513
429,0.3988218605518341
430,0.37966522574424744
431,0.40526995062828064
432,0.3929085433483124
433,0.4077085256576538
434,0.4024026691913605
435,0.40068361163139343
436,0.418088436126709
437,0.40158164501190186
438,0.4210943579673767
439,0.408464252948761
440,0.408378928899765
441,0.4118795096874237
442,0.3909875750541687
443,0.36755040287971497
444,0.4275365173816681
445,0.4216108024120331
446,0.37762999534606934
447,0.41981199383735657
448,0.4012969136238098
449,0.3837748169898987
450,0.3933563828468323
451,0.3929198086261749
452,0.4211886525154114
453,0.3941723108291626
454,0.39538440108299255
455,0.4187076985836029
456,0.37823885679244995
457,0.39396244287490845
458,0.38268205523490906
459,0.37790319323539734
460,0.38406801223754883
461,0.3965262174606323
462,0.4153342843055725
463,0.4012930691242218
464,0.4188469648361206
465,0.37144777178764343
466,0.416823148727417
467,0.3822929561138153
468,0.38171151280403137
469,0.39898282289505005
470,0.432576984167099
471,0.3889230191707611
472,0.3771500885486603
473,0.39127057790756226
474,0.38857007026672363
475,0.4145911931991577
476,0.37016087770462036
477,0.3763861060142517
478,0.36405637860298157
479,0.37910062074661255
480,0.3937324285507202
481,0.4114008843898773
482,0.36216700077056885
483,0.37049415707588196
484,0.3912823498249054
485,0.39253470301628113
486,0.39107394218444824
487,0.39441943168640137
488,0.38918229937553406
489,0.3881736993789673
490,0.3929331600666046
491,0.41957151889801025
492,0.37585023045539856
493,0.3847513794898987
494,0.38113826513290405
495,0.4073488712310791
496,0.4009757339954376
497,0.39184704422950745
498,0.39718931913375854
499,0.38556215167045593
500,0.39678293466567993
501,0.390559583902359
502,0.3993817865848541
503,0.3883593678474426
504,0.39396166801452637
505,0.3948468267917633
506,0.41651010513305664
507,0.41438865661621094
508,0.4203107953071594
509,0.3987899720668793
510,0.37223824858665466
511,0.3704119920730591
512,0.38403284549713135
513,0.4199102222919464
514,0.3847958445549011
515,0.38553720712661743
516,0.38180187344551086
517,0.37948936223983765
518,0.36365166306495667
519,0.3781075179576874
520,0.362469881772995
521,0.38482117652893066
522,0.40156084299087524
523,0.3521958589553833
524,0.38545671105384827
525,0.3602296710014343
526,0.3867560625076294
527,0.3791619539260864
528,0.38207125663757324
529,0.39937594532966614
530,0.3962160646915436
531,0.38844940066337585
532,0.37190359830856323
533,0.3812512755393982
534,0.3719050884246826
535,0.3728916049003601
536,0.3837340772151947
537,0.3833770751953125
538,0.368908166885376
539,0.38255831599235535
540,0.3738290071487427
541,0.38983291387557983
542,0.3826183080673218
543,0.36129510402679443
544,0.3849906027317047
545,0.38672393560409546
546,0.3676285743713379
547,0.37160712480545044
548,0.39685022830963135
549,0.3657831847667694
550,0.37728479504585266
551,0.375536173582077
552,0.39177843928337097
553,0.36602988839149475
554,0.39200645685195923
555,0.3651632070541382
556,0.357124924659729
557,0.35828959941864014
558,0.3837708830833435
559,0.3704487681388855
560,0.35193192958831787
561,0.38296017050743103
562,0.3689641058444977
563,0.411357045173645
564,0.3789413869380951
565,0.39578673243522644
566,0.3937826156616211
567,0.3847806453704834
568,0.36749905347824097
569,0.35603606700897217
570,0.3701515197753906
571,0.36572587490081787
572,0.3561137020587921
573,0.38041624426841736
574,0.3751624822616577
575,0.370882511138916
576,0.3673737049102783
577,0.3547453284263611
578,0.3552379310131073
579,0.3795773386955261
580,0.36521074175834656
581,0.38505426049232483
582,0.35995742678642273
583,0.390375018119812
584,0.35153767466545105
585,0.3548905849456787
586,0.3648945987224579
587,0.36710864305496216
588,0.357814759016037
589,0.3431980311870575
590,0.3634839653968811
591,0.37341898679733276
592,0.37790149450302124
593,0.36872366070747375
594,0.3853858709335327
595,0.3965616822242737
596,0.3652283847332001
597,0.3875187337398529
598,0.38054296374320984
599,0.35868364572525024
600,0.392955482006073
601,0.3553241491317749
602,0.36069825291633606
603,0.38118767738342285
604,0.3673478066921234
605,0.38143935799598694
606,0.36898550391197205
607,0.3702780604362488
608,0.3565480411052704
609,0.3510342836380005
610,0.35117071866989136
611,0.3819285035133362
612,0.3554846942424774
613,0.3857598900794983
614,0.3668118119239807
615,0.3943377733230591
616,0.36447376012802124
617,0.3672822117805481
618,0.3740636706352234
619,0.377804696559906
620,0.3810420632362366
621,0.3579786419868469
622,0.3514346182346344
623,0.3889666199684143
624,0.3590693473815918
625,0.35158371925354004
626,0.3597983717918396
627,0.35412609577178955
628,0.3541918992996216
629,0.36194032430648804
630,0.37359166145324707
631,0.3538311719894409
632,0.3478003740310669
633,0.38654351234436035
634,0.36201727390289307
635,0.3680962324142456
636,0.338974267244339
637,0.3563552498817444
638,0.3437860608100891
639,0.36416757106781006
640,0.37107810378074646
641,0.37789350748062134
642,0.33737507462501526
643,0.38953837752342224
644,0.33845263719558716
645,0.3469873070716858
646,0.36292845010757446
647,0.3536608815193176
648,0.3642593026161194
649,0.36686578392982483
650,0.3522968888282776
651,0.3489621877670288
652,0.3546644151210785
653,0.3441246747970581
654,0.3581503629684448
655,0.3434031009674072
656,0.36169761419296265
657,0.3361798822879791
658,0.37222692370414734
659,0.345578134059906
660,0.3446647822856903
661,0.3862537741661072
662,0.3446768522262573
663,0.34103134274482727
664,0.3599570393562317
665,0.38512182235717773
666,0.3443079888820648
667,0.3577546775341034
668,0.3479704260826111
669,0.35815000534057617
670,0.3745390474796295
671,0.3761761784553528
672,0.36653080582618713
673,0.36712053418159485
674,0.3589291572570801
675,0.33935436606407166
676,0.3317466676235199
677,0.32702121138572693
678,0.35403674840927124
679,0.3405374586582184
680,0.366489440202713
681,0.3591237962245941
682,0.34557509422302246
683,0.366796612739563
684,0.35659441351890564
685,0.3552493751049042
686,0.37099048495292664
687,0.36238259077072144
688,0.3493553400039673
689,0.3483773469924927
690,0.3749867379665375
691,0.3586265444755554
692,0.36171969771385193
693,0.35733097791671753
694,0.37584614753723145
695,0.3754774332046509
696,0.3561372756958008
697,0.36438482999801636
698,0.3417516350746155
699,0.35303759574890137
700,0.3597795367240906
701,0.3409893214702606
702,0.33330613374710083
703,0.3673136830329895
704,0.3728479743003845
705,0.35969045758247375
706,0.3468485474586487
707,0.3563476800918579
708,0.335490882396698
709,0.3511607050895691
710,0.3274752199649811
711,0.34323668479919434
712,0.3574788570404053
713,0.3471805453300476
714,0.3440013527870178
715,0.35437142848968506
716,0.3368915021419525
717,0.32749199867248535
718,0.348363995552063
719,0.34421876072883606
720,0.34320566058158875
721,0.3583680987358093
722,0.34891578555107117
723,0.34813326597213745
724,0.33731991052627563
725,0.35225939750671387
726,0.3366595506668091
727,0.35043829679489136
728,0.3351036310195923
729,0.34682556986808777
730,0.333551287651062
731,0.35187894105911255
732,0.3408809304237366
733,0.3480694890022278
734,0.35269099473953247
735,0.34756070375442505
736,0.3420504331588745
737,0.34934544563293457
738,0.353287935256958
739,0.3672076165676117
740,0.338814914226532
741,0.3749431371688843
742,0.33210235834121704
743,0.33827900886535645
744,0.33383554220199585
745,0.36214789748191833
746,0.35605388879776
747,0.3487679660320282
748,0.3382982909679413
749,0.33295315504074097
750,0.3494873642921448
751,0.36063188314437866
752,0.35972529649734497
753,0.32289576530456543
754,0.3455102741718292
755,0.3589295744895935
756,0.3526725471019745
757,0.3519207835197449
758,0.3542494475841522
759,0.3455776572227478
760,0.3384392559528351
761,0.3479735851287842
762,0.3324446678161621
763,0.33644330501556396
764,0.3191350996494293
765,0.34285053610801697
766,0.33889150619506836
767,0.3497371971607208
768,0.3405751585960388
769,0.3524181544780731
770,0.33899757266044617
771,0.32303667068481445
772,0.3336696922779083
773,0.32537785172462463
774,0.36631399393081665
775,0.32044246792793274
776,0.3416300117969513
777,0.3380579352378845
778,0.334908664226532
779,0.3404938876628876
780,0.3597224950790405
781,0.3111075460910797
782,0.3457666039466858
783,0.34919750690460205
784,0.31232380867004395
785,0.3283502459526062
786,0.3472818434238434
787,0.34495654702186584
788,0.34960418939590454
789,0.3364214599132538
790,0.3540682792663574
791,0.3394228219985962
792,0.372273325920105
793,0.3455697000026703
794,0.32738417387008667
795,0.33914512395858765
796,0.33840253949165344
797,0.3495842218399048
798,0.3551766574382782
799,0.35637110471725464
800,0.31851768493652344
801,0.3565189242362976
802,0.3409240245819092
803,0.322776734828949
804,0.3444657325744629
805,0.3230753242969513
806,0.33469584584236145
807,0.3324836194515228
808,0.3397631347179413
809,0.35285934805870056
810,0.3278033435344696
811,0.31511390209198
812,0.34674063324928284
813,0.3395036458969116
814,0.3025268018245697
815,0.33018237352371216
816,0.34452417492866516
817,0.334604412317276
818,0.32509249448776245
819,0.34547853469848633
820,0.3280060887336731
821,0.31987982988357544
822,0.3420729637145996
823,0.3174590766429901
824,0.3435481786727905
825,0.3434566557407379
826,0.32665184140205383
827,0.34043237566947937
828,0.33363521099090576
829,0.3428695797920227
830,0.34775328636169434
831,0.3308942914009094
832,0.33815133571624756
833,0.31281718611717224
834,0.33504369854927063
835,0.3471531271934509
836,0.3206344246864319
837,0.313141405582428
838,0.3449820578098297
839,0.32397881150245667
840,0.3283381462097168
841,0.329098641872406
842,0.34018006920814514
843,0.3520766496658325
844,0.3330767750740051
845,0.3397873044013977
846,0.3385750651359558
847,0.31351742148399353
848,0.3156048357486725
849,0.3373432755470276
850,0.3104841113090515
851,0.3334817886352539
852,0.3161916136741638
853,0.3282632529735565
854,0.33132997155189514
855,0.3372807502746582
856,0.34842297434806824
857,0.3204377591609955
858,0.3314974308013916
859,0.32215234637260437
860,0.3225753903388977
861,0.32833734154701233
862,0.34560635685920715
863,0.3357393741607666
864,0.337871253490448
865,0.3400602340698242
866,0.32958996295928955
867,0.3251301944255829
868,0.31587669253349304
869,0.34303218126296997
870,0.32741183042526245
871,0.3350508511066437
872,0.32221782207489014
873,0.35423997044563293
874,0.3263835608959198
875,0.3322192132472992
876,0.3381963074207306
877,0.33446356654167175
878,0.33007436990737915
879,0.3205874562263489
880,0.31770336627960205
881,0.3070148229598999
882,0.30254441499710083
883,0.32118111848831177
884,0.31534114480018616
885,0.3172858953475952
886,0.3312954306602478
887,0.3366093039512634
888,0.314969539642334
889,0.3303239047527313
890,0.32288020849227905
891,0.3003773093223572
892,0.3152863681316376
893,0.30577772855758667
894,0.32467418909072876
895,0.30982398986816406
896,0.3235471546649933
897,0.3346559405326843
898,0.3143613934516907
899,0.30847033858299255
900,0.3160533905029297
901,0.3402276933193207
902,0.3099173903465271
903,0.29991647601127625
904,0.3171069920063019
905,0.3232136368751526
906,0.32212793827056885
907,0.3289700150489807
908,0.3085889518260956
909,0.3127783238887787
910,0.33216235041618347
911,0.30720409750938416
912,0.33323782682418823
913,0.31888726353645325
914,0.336236834526062
915,0.3125495910644531
916,0.3191910982131958
917,0.3253870904445648
918,0.3113209903240204
919,0.31831595301628113
920,0.3155149221420288
921,0.30463433265686035
922,0.30604803562164307
923,0.3172622621059418
924,0.29540976881980896
925,0.3280438482761383
926,0.3045298159122467
927,0.3245944380760193
928,0.3121412992477417
929,0.31683608889579773
930,0.3037593364715576
931,0.31755703687667847
932,0.29799968004226685
933,0.30741381645202637
934,0.3120005428791046
935,0.3115869164466858
936,0.30607831478118896
937,0.3282081186771393
938,0.30771249532699585
939,0.29900431632995605
940,0.3188169002532959
941,0.31669968366622925
942,0.31162744760513306
943,0.29349055886268616
944,0.31442591547966003
945,0.29588568210601807
946,0.31469208002090454
947,0.31111574172973633
948,0.3117062747478485
949,0.31629469990730286
950,0.3022007942199707
951,0.29298266768455505
952,0.3008626699447632
953,0.3101857006549835
954,0.3058258295059204
955,0.3058701157569885
956,0.3205944895744324
957,0.3324022889137268
958,0.30907511711120605
959,0.3088222146034241
960,0.29676175117492676
961,0.31180036067962646
962,0.3048986494541168
963,0.30191946029663086
964,0.30977749824523926
965,0.30373650789260864
966,0.30934908986091614
967,0.310982882976532
968,0.29244908690452576
969,0.2953914403915405
970,0.3064746856689453
971,0.3071405291557312
972,0.29437458515167236
973,0.28804072737693787
974,0.29736489057540894
975,0.3037397563457489
976,0.30246156454086304
977,0.31495311856269836
978,0.3072706162929535
979,0.3055538535118103
980,0.30721521377563477
981,0.3134814500808716
982,0.3101809024810791
983,0.2975682020187378
984,0.31625527143478394
985,0.30454492568969727
986,0.30440765619277954
987,0.29971233010292053
988,0.30104267597198486
989,0.3063967525959015
990,0.2929356098175049
991,0.30261385440826416
992,0.2997298538684845
993,0.3180992007255554
994,0.3139339089393616
995,0.3020285665988922
996,0.2944854199886322
997,0.31660196185112
998,0.29128459095954895
999,0.30628347396850586
1000,0.29534757137298584
1001,0.28960034251213074
1002,0.30741992592811584
1003,0.3122784495353699
1004,0.2951596975326538
1005,0.3085320293903351
1006,0.29582640528678894
1007,0.30061519145965576
1008,0.3091270923614502
1009,0.3015266954898834
1010,0.3035997748374939
1011,0.27846240997314453
1012,0.3019372522830963
1013,0.3004744350910187
1014,0.2908249497413635
1015,0.29983747005462646
1016,0.2748091518878937
1017,0.29116225242614746
1018,0.29242193698883057
1019,0.30503082275390625
1020,0.2905237376689911
1021,0.3043201267719269
1022,0.29776421189308167
1023,0.29685643315315247
1024,0.2934703826904297
1025,0.28252771496772766
1026,0.2899364233016968
1027,0.2935250997543335
1028,0.2976134419441223
1029,0.2952093780040741
1030,0.2939396798610687
1031,0.30096498131752014
1032,0.2885866165161133
1033,0.2872812747955322
1034,0.2949312627315521
1035,0.29599830508232117
1036,0.28520897030830383
1037,0.28570425510406494
1038,0.28402671217918396
1039,0.2899957597255707
1040,0.28935539722442627
1041,0.29013726115226746
1042,0.2980846166610718
1043,0.3133324682712555
1044,0.29704225063323975
1045,0.2913537323474884
1046,0.2822931408882141
1047,0.28966024518013
1048,0.30171024799346924
1049,0.3123467266559601
1050,0.2789633870124817
1051,0.32201266288757324
1052,0.28262391686439514
1053,0.28396323323249817
1054,0.3079194128513336
1055,0.30358752608299255
1056,0.3013646900653839
1057,0.2972252368927002
1058,0.2993929982185364
1059,0.3021223545074463
1060,0.293368935585022
1061,0.29315051436424255
1062,0.2960782051086426
1063,0.311573326587677
1064,0.29706984758377075
1065,0.28626111149787903
1066,0.2979643940925598
1067,0.2918129861354828
1068,0.29122287034988403
1069,0.29225438833236694
1070,0.2904875874519348
1071,0.27574843168258667
1072,0.2965084910392761
1073,0.2830546498298645
1074,0.2709061801433563
1075,0.2914763391017914
1076,0.2757106125354767
1077,0.28394168615341187
1078,0.2756665349006653
1079,0.2665303647518158
1080,0.2972777187824249
1081,0.2714659571647644
1082,0.27269238233566284
1083,0.28536927700042725
1084,0.2886560559272766
1085,0.2841870188713074
1086,0.2777193784713745
1087,0.2970576882362366
1088,0.2898745834827423
1089,0.3029017150402069
1090,0.28554242849349976
1091,0.28042665123939514
1092,0.2984384596347809
1093,0.283456414937973
1094,0.27630046010017395
1095,0.27707985043525696
1096,0.2865167558193207
1097,0.2849466800689697
1098,0.29520827531814575
1099,0.2902936339378357
1100,0.27917352318763733
1101,0.28234559297561646
1102,0.28228849172592163
1103,0.27815869450569153
1104,0.26484599709510803
1105,0.28700706362724304
1106,0.27483898401260376
1107,0.28652694821357727
1108,0.29296422004699707
1109,0.29098841547966003
1110,0.2980785369873047
1111,0.28462761640548706
1112,0.277579665184021
1113,0.28612014651298523
1114,0.2684345543384552
1115,0.2873089909553528
1116,0.29241400957107544
1117,0.27622008323669434
1118,0.2938033938407898
1119,0.29501864314079285
1120,0.28047502040863037
1121,0.28043633699417114
1122,0.2917512059211731
1123,0.2862991690635681
1124,0.27153000235557556
1125,0.2838535010814667
1126,0.28941619396209717
1127,0.2817736566066742
1128,0.2843261659145355
1129,0.26813143491744995
1130,0.2871440351009369
1131,0.27747926115989685
1132,0.2937038838863373
1133,0.292686402797699
1134,0.2969481945037842
1135,0.2768222391605377
1136,0.29177993535995483
1137,0.2954225242137909
1138,0.29140907526016235
1139,0.27762195467948914
1140,0.2781374454498291
1141,0.2756606936454773
1142,0.2899414896965027
1143,0.28614166378974915
1144,0.2868557572364807
1145,0.3020145297050476
1146,0.2817540764808655
1147,0.28795620799064636
1148,0.2886667549610138
1149,0.290073037147522
1150,0.29358527064323425
1151,0.2623666524887085
1152,0.2773379683494568
1153,0.28526872396469116
1154,0.28430649638175964
1155,0.25875186920166016
1156,0.29281365871429443
1157,0.2779674530029297
1158,0.27446478605270386
1159,0.26702362298965454
1160,0.27862751483917236
1161,0.2853221595287323
1162,0.26928865909576416
1163,0.2761083245277405
1164,0.2830978333950043
1165,0.2805325388908386
1166,0.2895519435405731
1167,0.27751636505126953
1168,0.2710069417953491
1169,0.2771480679512024
1170,0.263460248708725
1171,0.2675715386867523
1172,0.2751109302043915
1173,0.2644912600517273
1174,0.27662986516952515
1175,0.28010135889053345
1176,0.2648939788341522
1177,0.27423587441444397
1178,0.26600199937820435
1179,0.2692544758319855
1180,0.26272842288017273
1181,0.27037370204925537
1182,0.2777061462402344
1183,0.28387126326560974
1184,0.27544543147087097
1185,0.288285493850708
1186,0.2705591917037964
1187,0.25519269704818726
1188,0.2689370810985565
1189,0.2738654911518097
1190,0.2709367871284485
1191,0.28954705595970154
1192,0.26911604404449463
1193,0.2726793587207794
1194,0.28027695417404175
1195,0.28736889362335205
1196,0.27892008423805237
1197,0.2727571129798889
1198,0.26442626118659973
1199,0.27041923999786377
1200,0.26677021384239197
1201,0.26885560154914856
1202,0.2715395987033844
1203,0.2593403160572052
1204,0.2918681204319
1205,0.26709848642349243
1206,0.263447642326355
1207,0.26123955845832825
1208,0.27609285712242126
1209,0.2792777717113495
1210,0.2852395176887512
1211,0.2576335072517395
1212,0.27488356828689575
1213,0.28079891204833984
1214,0.2647280693054199
1215,0.27935606241226196
1216,0.2721780836582184
1217,0.2844108045101166
1218,0.27403953671455383
1219,0.27965864539146423
1220,0.2724843919277191
1221,0.26021361351013184
1222,0.273302286863327
1223,0.2516508102416992
1224,0.266745001077652
1225,0.2735119163990021
1226,0.2726875841617584
1227,0.2730799913406372
1228,0.26961827278137207
1229,0.26268166303634644
1230,0.2736196517944336
1231,0.2643573582172394
1232,0.2685333490371704
1233,0.2770315110683441
1234,0.2667595446109772
1235,0.3007374703884125
1236,0.27188640832901
1237,0.2737155556678772
1238,0.275776743888855
1239,0.26175400614738464
1240,0.2528100609779358
1241,0.2597352862358093
1242,0.26985377073287964
1243,0.26470574736595154
1244,0.27602604031562805
1245,0.2668505609035492
1246,0.26537132263183594
1247,0.27196094393730164
1248,0.26622331142425537
1249,0.2626124918460846
1250,0.2783067226409912
1251,0.2675793766975403
1252,0.27573782205581665
1253,0.28818050026893616
1254,0.2716655731201172
1255,0.27785447239875793
1256,0.26624640822410583
1257,0.26872518658638
1258,0.26856642961502075
1259,0.29201221466064453
1260,0.26116934418678284
1261,0.27484363317489624
1262,0.26382777094841003
1263,0.28530198335647583
1264,0.25918418169021606
1265,0.2703556418418884
1266,0.2792325019836426
1267,0.23853924870491028
1268,0.27598363161087036
1269,0.26800546050071716
1270,0.26911163330078125
1271,0.24536632001399994
1272,0.2518925070762634
1273,0.2697766423225403
1274,0.26632755994796753
1275,0.2560402750968933
1276,0.2718387842178345
1277,0.26538336277008057
1278,0.2770407497882843
1279,0.2530694901943207
1280,0.26486143469810486
1281,0.27927497029304504
1282,0.2728848457336426
1283,0.26136600971221924
1284,0.26251640915870667
1285,0.25603917241096497
1286,0.27763575315475464
1287,0.27190619707107544
1288,0.27103590965270996
1289,0.26682156324386597
1290,0.27604812383651733
1291,0.26172471046447754
1292,0.2705358862876892
1293,0.25961539149284363
1294,0.26040586829185486
1295,0.25533509254455566
1296,0.2883930504322052
1297,0.279956579208374
1298,0.2795238494873047
1299,0.24659252166748047
1300,0.2587874233722687
1301,0.2558615207672119
1302,0.2589624524116516
1303,0.2671772837638855
1304,0.2514219880104065
1305,0.26800426840782166
1306,0.26723816990852356
1307,0.25598785281181335
1308,0.26698505878448486
1309,0.2615601122379303
1310,0.2634628713130951
1311,0.26643335819244385
1312,0.25787419080734253
1313,0.25780653953552246
1314,0.2667714059352875
1315,0.26878446340560913
1316,0.27550843358039856
1317,0.2774594724178314
1318,0.2669665813446045
1319,0.26359567046165466
1320,0.2666963040828705
1321,0.2495897263288498
1322,0.2741089165210724
1323,0.24825409054756165
1324,0.2703738510608673
1325,0.2485104203224182
1326,0.27467164397239685
1327,0.2686153054237366
1328,0.2606363594532013
1329,0.25714111328125
1330,0.2776346802711487
1331,0.2652350068092346
1332,0.26244980096817017
1333,0.25306448340415955
1334,0.25871118903160095
1335,0.2416985034942627
1336,0.2568548917770386
1337,0.2641313672065735
1338,0.25453996658325195
1339,0.2748754620552063
1340,0.266241192817688
1341,0.25528937578201294
1342,0.24286150932312012
1343,0.2550739645957947
1344,0.24376824498176575
1345,0.26492488384246826
1346,0.24953745305538177
1347,0.2628358006477356
1348,0.2595090866088867
1349,0.2670091986656189
1350,0.2626611590385437
1351,0.26639991998672485
1352,0.25090259313583374
1353,0.24791714549064636
1354,0.25985392928123474
1355,0.2517353296279907
1356,0.25430828332901
1357,0.25550955533981323
1358,0.2629636526107788
1359,0.24544672667980194
1360,0.2514634132385254
1361,0.2604781687259674
1362,0.2600559592247009
1363,0.2625586986541748
1364,0.2693934738636017
1365,0.2460620254278183
1366,0.27502578496932983
1367,0.255035936832428
1368,0.25354981422424316
1369,0.2666551470756531
1370,0.251331090927124
1371,0.25308194756507874
1372,0.26346156001091003
1373,0.2803240418434143
1374,0.2507977783679962
1375,0.2657044231891632
1376,0.26001664996147156
1377,0.25564223527908325
1378,0.25347742438316345
1379,0.24481263756752014
1380,0.26700884103775024
1381,0.2622182071208954
1382,0.25617876648902893
1383,0.2635180354118347
1384,0.2691211700439453
1385,0.2679385840892792
1386,0.275094598531723
1387,0.2545924186706543
1388,0.2477676272392273
1389,0.25457215309143066
1390,0.27963337302207947
1391,0.24560239911079407
1392,0.25481414794921875
1393,0.23847445845603943
1394,0.24794422090053558
1395,0.26551756262779236
1396,0.26399049162864685
1397,0.25950193405151367
1398,0.26636072993278503
1399,0.2685934007167816
1400,0.2592603266239166
1401,0.24595968425273895
1402,0.2592449486255646
1403,0.26456212997436523
1404,0.25191476941108704
1405,0.2615966498851776
1406,0.2577231526374817
1407,0.2675696015357971
1408,0.2400776445865631
1409,0.24927818775177002
1410,0.24774596095085144
1411,0.2698919177055359
1412,0.2717307209968567
1413,0.25999847054481506
1414,0.24858444929122925
1415,0.2388591170310974
1416,0.2389196753501892
1417,0.2524542808532715
1418,0.24503746628761292
1419,0.25751829147338867
1420,0.24718689918518066
1421,0.2363225221633911
1422,0.25691699981689453
1423,0.2607744634151459
1424,0.24856284260749817
1425,0.238061785697937
1426,0.24496802687644958
1427,0.2563806176185608
1428,0.25309914350509644
1429,0.25422269105911255
1430,0.2582543194293976
1431,0.24601328372955322
1432,0.24660757184028625
1433,0.25330567359924316
1434,0.2333192527294159
1435,0.25309285521507263
1436,0.2618087828159332
1437,0.24369530379772186
1438,0.23255634307861328
1439,0.24721165001392365
1440,0.24181817471981049
1441,0.24467305839061737
1442,0.24811336398124695
1443,0.2525525689125061
1444,0.25777119398117065
1445,0.25526490807533264
1446,0.2382669746875763
1447,0.24648402631282806
1448,0.2539014518260956
1449,0.24437440931797028
1450,0.253872275352478
1451,0.2480006068944931
1452,0.2634058892726898
1453,0.23850518465042114
1454,0.2441817969083786
1455,0.25826671719551086
1456,0.24892613291740417
1457,0.2623792886734009
1458,0.24492882192134857
1459,0.2513555884361267
1460,0.2529800534248352
1461,0.24694892764091492
1462,0.24229858815670013
1463,0.24915316700935364
1464,0.24113208055496216
1465,0.2552594542503357
1466,0.2598925828933716
1467,0.2509070634841919
1468,0.2716400921344757
1469,0.251254677772522
1470,0.26223868131637573
1471,0.24677784740924835
1472,0.23735305666923523
1473,0.24877798557281494
1474,0.24340997636318207
1475,0.2501507103443146
1476,0.24402087926864624
1477,0.25380048155784607
1478,0.24314957857131958
1479,0.2553311288356781
1480,0.2576926350593567
1481,0.25867798924446106
1482,0.2551206350326538
1483,0.2361224740743637
1484,0.2557363212108612
1485,0.24413809180259705
1486,0.24816001951694489
1487,0.23660284280776978
1488,0.23856285214424133
1489,0.23630765080451965
1490,0.2519248127937317
1491,0.24306824803352356
1492,0.24015434086322784
1493,0.2591584026813507
1494,0.24037739634513855
1495,0.24507397413253784
1496,0.25876909494400024
1497,0.2491498738527298
1498,0.2522779405117035
1499,0.24756845831871033
1500,0.24426321685314178
1501,0.25318729877471924
1502,0.24043896794319153
1503,0.23836903274059296
1504,0.2476697862148285
1505,0.23904740810394287
1506,0.23381289839744568
1507,0.23840445280075073
1508,0.24104231595993042
1509,0.24589528143405914
1510,0.24529753625392914
1511,0.255149781703949
1512,0.2332724779844284
1513,0.2509866952896118
1514,0.2388170212507248
1515,0.24130797386169434
1516,0.24889174103736877
1517,0.2344648241996765
1518,0.24954485893249512
1519,0.2403639554977417
1520,0.24824728071689606
1521,0.24774707853794098
1522,0.2363528609275818
1523,0.2364262491464615
1524,0.2480858713388443
1525,0.24148154258728027
1526,0.23312926292419434
1527,0.231622576713562
1528,0.22251543402671814
1529,0.23259565234184265
1530,0.2557912766933441
1531,0.24723365902900696
1532,0.2505412697792053
1533,0.24495716392993927
1534,0.23443424701690674
1535,0.23235125839710236
1536,0.24162918329238892
1537,0.23904186487197876
1538,0.2517015337944031
1539,0.2459009289741516
1540,0.24668443202972412
1541,0.22702151536941528
1542,0.23541808128356934
1543,0.26143527030944824
1544,0.22925911843776703
1545,0.24745768308639526
1546,0.23465047776699066
1547,0.24421541392803192
1548,0.2336350977420807
1549,0.23892034590244293
1550,0.2385762333869934
1551,0.22079035639762878
1552,0.2464146614074707
1553,0.2429375946521759
1554,0.2390950620174408
1555,0.2542474865913391
1556,0.23230105638504028
1557,0.2513028383255005
1558,0.2459377944469452
1559,0.238521546125412
1560,0.24576835334300995
1561,0.23632660508155823
1562,0.23369458317756653
1563,0.2500917911529541
1564,0.23544977605342865
1565,0.23767073452472687
1566,0.24308960139751434
1567,0.24098920822143555
1568,0.24833494424819946
1569,0.25685980916023254
1570,0.2525985836982727
1571,0.24286609888076782
1572,0.2339680790901184
1573,0.2423422485589981
1574,0.2470117062330246
1575,0.24338297545909882
1576,0.24934881925582886
1577,0.23722471296787262
1578,0.248573437333107
1579,0.23227927088737488
1580,0.23186305165290833
1581,0.23463594913482666
1582,0.2399297058582306
1583,0.2284185141324997
1584,0.24158769845962524
1585,0.24497616291046143
1586,0.23809267580509186
1587,0.22699132561683655
1588,0.2339257299900055
1589,0.23587268590927124
1590,0.23367176949977875
1591,0.24428178369998932
1592,0.230368971824646
1593,0.24211984872817993
1594,0.23682615160942078
1595,0.27239975333213806
1596,0.2275519073009491
1597,0.2295125275850296
1598,0.23869436979293823
1599,0.22310861945152283
1600,0.22882406413555145
1601,0.24380157887935638
1602,0.22752732038497925
1603,0.24024882912635803
1604,0.2237400859594345
1605,0.23527094721794128
1606,0.2232222557067871
1607,0.2501594126224518
1608,0.2226959764957428
1609,0.23957887291908264
1610,0.2356942892074585
1611,0.23589539527893066
1612,0.24104911088943481
1613,0.2441646158695221
1614,0.23548303544521332
1615,0.2266712188720703
1616,0.23236384987831116
1617,0.23923201858997345
1618,0.23269829154014587
1619,0.2290692925453186
1620,0.23333129286766052
1621,0.2225882112979889
1622,0.23022077977657318
1623,0.23054058849811554
1624,0.24597443640232086
1625,0.24652081727981567
1626,0.22504134476184845
1627,0.2346840500831604
1628,0.2548108994960785
1629,0.23315417766571045
1630,0.23487907648086548
1631,0.23718854784965515
1632,0.22700147330760956
1633,0.2435048371553421
1634,0.22214455902576447
1635,0.22226598858833313
1636,0.23379606008529663
1637,0.2295856475830078
1638,0.24307045340538025
1639,0.23662853240966797
1640,0.23878952860832214
1641,0.22257287800312042
1642,0.24089589715003967
1643,0.2357112467288971
1644,0.24008207023143768
1645,0.23245194554328918
1646,0.25379273295402527
1647,0.21929794549942017
1648,0.23076248168945312
1649,0.23846647143363953
1650,0.23832152783870697
1651,0.22910654544830322
1652,0.2375689297914505
1653,0.21993331611156464
1654,0.23250478506088257
1655,0.22485864162445068
1656,0.23279814422130585
1657,0.21944162249565125
1658,0.21400602161884308
1659,0.22039200365543365
1660,0.23677411675453186
1661,0.23293784260749817
1662,0.23485516011714935
1663,0.21970489621162415
1664,0.23451697826385498
1665,0.2341247797012329
1666,0.23926490545272827
1667,0.23404856026172638
1668,0.23491936922073364
1669,0.22670656442642212
1670,0.2327338606119156
1671,0.22696039080619812
1672,0.2395108938217163
1673,0.23070594668388367
1674,0.22603687644004822
1675,0.22939129173755646
1676,0.24314585328102112
1677,0.235310897231102
1678,0.24297259747982025
1679,0.22775745391845703
1680,0.2306380271911621
1681,0.21533203125
1682,0.23017486929893494
1683,0.23914039134979248
1684,0.22129803895950317
1685,0.22614911198616028
1686,0.22400709986686707
1687,0.2332322746515274
1688,0.22028401494026184
1689,0.2327190488576889
1690,0.2273326963186264
1691,0.23320509493350983
1692,0.2290153056383133
1693,0.22402474284172058
1694,0.23686768114566803
1695,0.23035036027431488
1696,0.2227332890033722
1697,0.23220524191856384
1698,0.22440527379512787
1699,0.23146003484725952
1700,0.23265331983566284
1701,0.23388028144836426
1702,0.22605401277542114
1703,0.21597041189670563
1704,0.22148612141609192
1705,0.22766157984733582
1706,0.24025774002075195
1707,0.23721535503864288
1708,0.24295587837696075
1709,0.23449918627738953
1710,0.2370888888835907
1711,0.22852429747581482
1712,0.22667285799980164
1713,0.22462885081768036
1714,0.22490864992141724
1715,0.22471140325069427
1716,0.2502061724662781
1717,0.24089646339416504
1718,0.21302959322929382
1719,0.2378309667110443
1720,0.22717976570129395
1721,0.22808316349983215
1722,0.23142629861831665
1723,0.2451198697090149
1724,0.2513256072998047
1725,0.22923000156879425
1726,0.23031488060951233
1727,0.2297780066728592
1728,0.2301209270954132
1729,0.23070484399795532
1730,0.22295363247394562
1731,0.21995718777179718
1732,0.2307206243276596
1733,0.22933627665042877
1734,0.2319972962141037
1735,0.2343449592590332
1736,0.23170819878578186
1737,0.22572818398475647
1738,0.23174771666526794
1739,0.24125957489013672
1740,0.23874130845069885
1741,0.23566412925720215
1742,0.24077975749969482
1743,0.2246367633342743
1744,0.23013997077941895
1745,0.21722595393657684
1746,0.22797894477844238
1747,0.2415776550769806
1748,0.22980999946594238
1749,0.22351880371570587
1750,0.2333724945783615
1751,0.24168014526367188
1752,0.2216121256351471
1753,0.23640920221805573
1754,0.23442475497722626
1755,0.239740252494812
1756,0.23159462213516235
1757,0.21834681928157806
1758,0.21671532094478607
1759,0.23076249659061432
1760,0.22069163620471954
1761,0.22494693100452423
1762,0.2284109741449356
1763,0.2413468062877655
1764,0.20748941600322723
1765,0.23073172569274902
1766,0.23859348893165588
1767,0.22714336216449738
1768,0.22238576412200928
1769,0.21700850129127502
1770,0.2359519898891449
1771,0.22800886631011963
1772,0.21968427300453186
1773,0.22227805852890015
1774,0.21677358448505402
1775,0.22892531752586365
1776,0.21645861864089966
1777,0.21590739488601685
1778,0.2295273095369339
1779,0.22778703272342682
1780,0.2345435917377472
1781,0.22440800070762634
1782,0.22040122747421265
1783,0.22684380412101746
1784,0.2218303382396698
1785,0.22054828703403473
1786,0.22651457786560059
1787,0.21745625138282776
1788,0.2280571460723877
1789,0.22299915552139282
1790,0.23306208848953247
1791,0.2220579981803894
1792,0.23389622569084167
1793,0.237630695104599
1794,0.2278846651315689
1795,0.22580111026763916
1796,0.23083773255348206
1797,0.23067574203014374
1798,0.23638075590133667
1799,0.2370298057794571
1800,0.21763695776462555
1801,0.2296437919139862
1802,0.24205416440963745
1803,0.21461254358291626
1804,0.24452418088912964
1805,0.2299259752035141
1806,0.23089131712913513
1807,0.2141786813735962
1808,0.22519353032112122
1809,0.22912457585334778
1810,0.22137963771820068
1811,0.22295202314853668
1812,0.23824867606163025
1813,0.22214141488075256
1814,0.23881950974464417
1815,0.2349255084991455
1816,0.22661063075065613
1817,0.21953733265399933
1818,0.22531121969223022
1819,0.22834709286689758
1820,0.21945339441299438
1821,0.23144873976707458
1822,0.22961996495723724
1823,0.23108041286468506
1824,0.21809342503547668
1825,0.21752719581127167
1826,0.22469907999038696
1827,0.21925456821918488
1828,0.2199918031692505
1829,0.23386123776435852
1830,0.2312438189983368
1831,0.23251107335090637
1832,0.23017263412475586
1833,0.23653538525104523
1834,0.2360115945339203
1835,0.22444474697113037
1836,0.22328928112983704
1837,0.2219688445329666
1838,0.23306486010551453
1839,0.22641846537590027
1840,0.22306661307811737
1841,0.24107995629310608
1842,0.21738184988498688
1843,0.23224782943725586
1844,0.22786486148834229
1845,0.2337988317012787
1846,0.2164340615272522
1847,0.22473926842212677
1848,0.2208445817232132
1849,0.2197141945362091
1850,0.24188034236431122
1851,0.21704185009002686
1852,0.23092812299728394
1853,0.23734065890312195
1854,0.22195634245872498
1855,0.24429647624492645
1856,0.2274315357208252
1857,0.2326093316078186
1858,0.23663674294948578
1859,0.2183154970407486
1860,0.2410975992679596
1861,0.22013507783412933
1862,0.22665922343730927
1863,0.21016544103622437
1864,0.22851286828517914
1865,0.2308415174484253
1866,0.2113942801952362
1867,0.22314243018627167
1868,0.22282426059246063
1869,0.2419748306274414
1870,0.22444294393062592
1871,0.23232612013816833
1872,0.23415985703468323
1873,0.23163823783397675
1874,0.2344508320093155
1875,0.2444232702255249
1876,0.24240240454673767
1877,0.22872860729694366
1878,0.2394610047340393
1879,0.2358412742614746
1880,0.23672306537628174
1881,0.2267591953277588
1882,0.2355264276266098
1883,0.21933719515800476
1884,0.22471532225608826
1885,0.23646777868270874
1886,0.22276625037193298
1887,0.23063594102859497
1888,0.2233380675315857
1889,0.22106753289699554
1890,0.23586834967136383
1891,0.22136190533638
1892,0.2339702546596527
1893,0.22929929196834564
1894,0.22527819871902466
1895,0.23077392578125
1896,0.22790341079235077
1897,0.23460431396961212
1898,0.2141316533088684
1899,0.21928203105926514
1900,0.21673624217510223
1901,0.2221592664718628
1902,0.2387961596250534
1903,0.2250966578722
1904,0.2447662651538849
1905,0.2322736382484436
1906,0.20899410545825958
1907,0.21973159909248352
1908,0.22544655203819275
1909,0.22444908320903778
1910,0.23139216005802155
1911,0.22356148064136505
1912,0.22528502345085144
1913,0.2220296561717987
1914,0.2151031345129013
1915,0.22033923864364624
1916,0.22357840836048126
1917,0.22080200910568237
1918,0.2125256061553955
1919,0.23320288956165314
1920,0.23485711216926575
1921,0.21160244941711426
1922,0.2287769913673401
1923,0.2200590819120407
1924,0.22327812016010284
1925,0.21884280443191528
1926,0.21300409734249115
1927,0.2173398733139038
1928,0.22424054145812988
1929,0.21474149823188782
1930,0.21104739606380463
1931,0.23448672890663147
1932,0.2220490276813507
1933,0.2316344827413559
1934,0.23063647747039795
1935,0.22399646043777466
1936,0.22163376212120056
1937,0.2270544171333313
1938,0.22777330875396729
1939,0.22664600610733032
1940,0.22353170812129974
1941,0.2303251326084137
1942,0.2247779816389084
1943,0.2251640260219574
1944,0.21146909892559052
1945,0.2164461761713028
1946,0.22281062602996826
1947,0.22839601337909698
1948,0.21833233535289764
1949,0.21316364407539368
1950,0.22735188901424408
1951,0.21093067526817322
1952,0.22963134944438934
1953,0.220425084233284
1954,0.21553875505924225
1955,0.22169914841651917
1956,0.22018319368362427
1957,0.22490783035755157
1958,0.22660964727401733
1959,0.21001489460468292
1960,0.22515200078487396
1961,0.21805065870285034
1962,0.2288500964641571
1963,0.2275635451078415
1964,0.22788260877132416
1965,0.23062370717525482
1966,0.21800769865512848
1967,0.22167189419269562
1968,0.22167520225048065
1969,0.2168869823217392
1970,0.20982448756694794
1971,0.21643565595149994
1972,0.21754632890224457
1973,0.20916226506233215
1974,0.22341904044151306
1975,0.2354925274848938
1976,0.22588035464286804
1977,0.2350701242685318
1978,0.23740620911121368
1979,0.21855388581752777
1980,0.22995124757289886
1981,0.22995449602603912
1982,0.21979746222496033
1983,0.23807355761528015
1984,0.2273651659488678
1985,0.2216002643108368
1986,0.22757293283939362
1987,0.21991679072380066
1988,0.22187070548534393
1989,0.2202775776386261
1990,0.2290145307779312
1991,0.21237635612487793
1992,0.23336383700370789
1993,0.2121199071407318
1994,0.21569162607192993
1995,0.2264549881219864
1996,0.21533280611038208
1997,0.22779220342636108
1998,0.21262359619140625
1999,0.2216089963912964
2000,0.17497491836547852
